1|953.001
2|76.001
3|487.001
4|745.001
5|958.001
6|768.001
7|770.001
8|693.001
9|70.001
10|723.001
11|752.001
12|550.001
13|609.001
14|987.001
15|764.001
16|949.001
17|197.001
18|185.001
19|120.001
20|678.001
21|515.001
22|873.001
23|317.001
24|113.001
25|196.001
26|860.001
27|851.001
28|724.001
29|52.001
30|497.001
31|862.001
32|510.001
33|347.001
34|896.001
35|215.001
36|40.001
37|705.001
38|338.001
39|81.001
40|856.001
41|189.001
42|662.001
43|745.001
44|386.001
45|336.001
46|300.001
47|732.001
48|808.001
49|500.001
50|984.001
51|835.001
52|719.001
53|328.001
54|491.001
55|39.001
56|208.001
57|900.001
58|706.001
59|674.001
60|281.001
61|24.001
62|837.001
63|459.001
64|730.001
65|654.001
66|535.001
67|476.001
68|753.001
69|690.001
70|711.001
71|374.001
72|929.001
73|598.001
74|122.001
75|590.001
76|732.001
77|856.001
78|958.001
79|923.001
80|448.001
81|631.001
82|204.001
83|581.001
84|472.001
85|155.001
86|72.001
87|519.001
88|714.001
89|123.001
90|976.001
91|128.001
92|532.001
93|996.001
94|732.001
95|506.001
96|745.001
97|886.001
98|829.001
99|260.001
100|412.001
101|675.001
102|885.001
103|647.001
104|114.001
105|653.001
106|102.001
107|209.001
108|324.001
109|238.001
110|408.001
111|826.001
112|591.001
113|845.001
114|668.001
115|254.001
116|905.001
117|367.001
118|850.001
119|415.001
120|807.001
121|546.001
122|117.001
123|175.001
124|956.001
125|766.001
126|419.001
127|355.001
128|953.001
129|797.001
130|797.001
131|169.001
132|224.001
133|197.001
134|18.001
135|333.001
136|718.001
137|117.001
138|193.001
139|544.001
140|554.001
141|553.001
142|100.001
143|113.001
144|831.001
145|558.001
146|688.001
147|462.001
148|859.001
149|589.001
150|87.001
151|727.001
152|13.001
153|424.001
154|421.001
155|522.001
156|496.001
157|485.001
158|863.001
159|288.001
160|891.001
161|226.001
162|867.001
163|784.001
164|383.001
165|947.001
166|812.001
167|142.001
168|100.001
169|243.001
170|836.001
171|859.001
172|139.001
173|336.001
174|730.001
175|640.001
176|890.001
177|605.001
178|433.001
179|345.001
180|653.001
181|560.001
182|448.001
183|820.001
184|390.001
185|408.001
186|161.001
187|244.001
188|135.001
189|364.001
190|416.001
191|782.001
192|655.001
193|247.001
194|381.001
195|997.001
196|488.001
197|600.001
198|596.001
199|315.001
200|896.001
201|247.001
202|705.001
203|557.001
204|499.001
205|527.001
206|950.001
207|635.001
208|635.001
209|704.001
210|510.001
211|866.001
212|800.001
213|222.001
214|185.001
215|687.001
216|516.001
217|145.001
218|300.001
219|132.001
220|165.001
221|635.001
222|812.001
223|901.001
224|909.001
225|991.001
226|678.001
227|897.001
228|593.001
229|52.001
230|408.001
231|447.001
232|53.001
233|519.001
234|225.001
235|672.001
236|660.001
237|440.001
238|214.001
239|480.001
240|867.001
241|84.001
242|127.001
243|286.001
244|426.001
245|501.001
246|216.001
247|34.001
248|193.001
249|109.001
250|439.001
251|396.001
252|410.001
253|131.001
254|69.001
255|422.001
256|506.001
257|71.001
258|988.001
259|872.001
260|590.001
261|960.001
262|104.001
263|707.001
264|830.001
265|668.001
266|468.001
267|347.001
268|30.001
269|390.001
270|366.001
271|432.001
272|136.001
273|672.001
274|275.001
275|853.001
276|735.001
277|321.001
278|7.001
279|561.001
280|429.001
281|777.001
282|510.001
283|878.001
284|581.001
285|641.001
286|362.001
287|686.001
288|956.001
289|582.001
290|538.001
291|343.001
292|177.001
293|133.001
294|261.001
295|117.001
296|893.001
297|551.001
298|889.001
299|852.001
300|560.001
301|651.001
302|701.001
303|852.001
304|508.001
305|6.001
306|11.001
307|829.001
308|394.001
309|763.001
310|577.001
311|652.001
312|565.001
313|108.001
314|608.001
315|772.001
316|726.001
317|121.001
318|894.001
319|185.001
320|837.001
321|699.001
322|320.001
323|583.001
324|875.001
325|809.001
326|328.001
327|210.001
328|985.001
329|801.001
330|8.001
331|281.001
332|560.001
333|604.001
334|943.001
335|844.001
336|149.001
337|652.001
338|807.001
339|771.001
340|365.001
341|249.001
342|838.001
343|805.001
344|24.001
345|57.001
346|275.001
347|982.001
348|695.001
349|733.001
350|908.001
351|94.001
352|891.001
353|373.001
354|725.001
355|471.001
356|477.001
357|99.001
358|908.001
359|99.001
360|627.001
361|676.001
362|918.001
363|503.001
364|350.001
365|369.001
366|207.001
367|68.001
368|603.001
369|676.001
370|967.001
371|209.001
372|333.001
373|506.001
374|203.001
375|126.001
376|902.001
377|143.001
378|231.001
379|126.001
380|457.001
381|203.001
382|308.001
383|384.001
384|92.001
385|414.001
386|239.001
387|80.001
388|174.001
389|853.001
390|692.001
391|391.001
392|190.001
393|274.001
394|190.001
395|371.001
396|408.001
397|221.001
398|707.001
399|854.001
400|349.001
401|427.001
402|45.001
403|203.001
404|29.001
405|843.001
406|533.001
407|754.001
408|239.001
409|983.001
410|267.001
411|453.001
412|807.001
413|672.001
414|538.001
415|869.001
416|770.001
417|197.001
418|771.001
419|949.001
420|126.001
421|138.001
422|368.001
423|984.001
424|665.001
425|544.001
426|441.001
427|459.001
428|338.001
429|832.001
430|847.001
431|852.001
432|83.001
433|166.001
434|494.001
435|226.001
436|804.001
437|717.001
438|484.001
439|541.001
440|114.001
441|59.001
442|505.001
443|442.001
444|605.001
445|617.001
446|4.001
447|764.001
448|596.001
449|360.001
450|961.001
451|106.001
452|954.001
453|548.001
454|35.001
455|453.001
456|271.001
457|318.001
458|765.001
459|772.001
460|342.001
461|331.001
462|552.001
463|651.001
464|737.001
465|364.001
466|823.001
467|312.001
468|92.001
469|686.001
470|720.001
471|433.001
472|649.001
473|803.001
474|146.001
475|878.001
476|970.001
477|841.001
478|173.001
479|797.001
480|148.001
481|202.001
482|582.001
483|743.001
484|688.001
485|243.001
486|636.001
487|66.001
488|599.001
489|677.001
490|85.001
491|546.001
492|232.001
493|537.001
494|764.001
495|178.001
496|874.001
497|443.001
498|618.001
499|915.001
500|847.001
501|831.001
502|262.001
503|593.001
504|548.001
505|215.001
506|86.001
507|726.001
508|20.001
509|427.001
510|166.001
511|557.001
512|801.001
513|888.001
514|920.001
515|346.001
516|573.001
517|348.001
518|773.001
519|268.001
520|840.001
521|412.001
522|8.001
523|567.001
524|758.001
525|142.001
526|606.001
527|112.001
528|606.001
529|329.001
530|63.001
531|29.001
532|531.001
533|231.001
534|990.001
535|561.001
536|538.001
537|576.001
538|44.001
539|834.001
540|704.001
541|443.001
542|795.001
543|195.001
544|872.001
545|792.001
546|753.001
547|835.001
548|878.001
549|503.001
550|486.001
551|314.001
552|250.001
553|5.001
554|981.001
555|6.001
556|163.001
557|557.001
558|42.001
559|599.001
560|802.001
561|661.001
562|265.001
563|418.001
564|390.001
565|948.001
566|934.001
567|104.001
568|216.001
569|87.001
570|273.001
571|453.001
572|614.001
573|104.001
574|437.001
575|957.001
576|559.001
577|483.001
578|903.001
579|778.001
580|999.001
581|474.001
582|328.001
583|506.001
584|295.001
585|27.001
586|134.001
587|911.001
588|511.001
589|474.001
590|823.001
591|680.001
592|753.001
593|833.001
594|764.001
595|366.001
596|239.001
597|238.001
598|53.001
599|515.001
600|142.001
601|756.001
602|809.001
603|939.001
604|532.001
605|151.001
606|432.001
607|440.001
608|382.001
609|886.001
610|170.001
611|191.001
612|689.001
613|743.001
614|990.001
615|491.001
616|836.001
617|72.001
618|114.001
619|319.001
620|207.001
621|725.001
622|331.001
623|171.001
624|522.001
625|612.001
626|455.001
627|605.001
628|626.001
629|418.001
630|927.001
631|437.001
632|736.001
633|24.001
634|574.001
635|780.001
636|48.001
637|596.001
638|990.001
639|561.001
640|875.001
641|778.001
642|788.001
643|247.001
644|874.001
645|792.001
646|123.001
647|470.001
648|695.001
649|248.001
650|605.001
651|631.001
652|534.001
653|726.001
654|379.001
655|351.001
656|763.001
657|490.001
658|310.001
659|693.001
660|75.001
661|162.001
662|690.001
663|369.001
664|743.001
665|383.001
666|629.001
667|264.001
668|109.001
669|61.001
670|977.001
671|25.001
672|810.001
673|625.001
674|429.001
675|864.001
676|999.001
677|372.001
678|434.001
679|124.001
680|56.001
681|886.001
682|279.001
683|139.001
684|490.001
685|642.001
686|576.001
687|227.001
688|46.001
689|303.001
690|167.001
691|656.001
692|743.001
693|258.001
694|858.001
695|332.001
696|176.001
697|440.001
698|365.001
699|124.001
700|198.001
701|578.001
702|662.001
703|743.001
704|211.001
705|7.001
706|709.001
707|655.001
708|3.001
709|843.001
710|444.001
711|703.001
712|850.001
713|152.001
714|778.001
715|391.001
716|808.001
717|971.001
718|419.001
719|345.001
720|401.001
721|27.001
722|756.001
723|822.001
724|409.001
725|519.001
726|752.001
727|965.001
728|780.001
729|935.001
730|147.001
731|321.001
732|822.001
733|681.001
734|72.001
735|258.001
736|629.001
737|908.001
738|615.001
739|281.001
740|903.001
741|270.001
742|331.001
743|781.001
744|209.001
745|510.001
746|218.001
747|984.001
748|689.001
749|110.001
750|759.001
751|857.001
752|448.001
753|150.001
754|868.001
755|878.001
756|417.001
757|525.001
758|149.001
759|781.001
760|413.001
761|114.001
762|957.001
763|31.001
764|29.001
765|527.001
766|205.001
767|10.001
768|759.001
769|128.001
770|844.001
771|652.001
772|285.001
773|926.001
774|852.001
775|495.001
776|387.001
777|99.001
778|829.001
779|209.001
780|781.001
781|233.001
782|470.001
783|804.001
784|476.001
785|451.001
786|623.001
787|359.001
788|183.001
789|891.001
790|797.001
791|394.001
792|227.001
793|745.001
794|361.001
795|48.001
796|536.001
797|244.001
798|433.001
799|274.001
800|214.001
801|225.001
802|852.001
803|474.001
804|959.001
805|522.001
806|183.001
807|46.001
808|397.001
809|863.001
810|220.001
811|121.001
812|933.001
813|505.001
814|973.001
815|555.001
816|338.001
817|538.001
818|913.001
819|345.001
820|813.001
821|601.001
822|257.001
823|76.001
824|434.001
825|834.001
826|126.001
827|182.001
828|420.001
829|774.001
830|35.001
831|954.001
832|488.001
833|410.001
834|599.001
835|511.001
836|720.001
837|449.001
838|554.001
839|836.001
840|40.001
841|509.001
842|327.001
843|572.001
844|264.001
845|607.001
846|365.001
847|470.001
848|963.001
849|26.001
850|618.001
851|794.001
852|247.001
853|896.001
854|900.001
855|371.001
856|766.001
857|598.001
858|17.001
859|310.001
860|222.001
861|523.001
862|408.001
863|32.001
864|967.001
865|466.001
866|549.001
867|902.001
868|323.001
869|242.001
870|429.001
871|210.001
872|215.001
873|986.001
874|118.001
875|319.001
876|684.001
877|914.001
878|287.001
879|491.001
880|352.001
881|243.001
882|377.001
883|189.001
884|928.001
885|365.001
886|917.001
887|4.001
888|187.001
889|97.001
890|6.001
891|458.001
892|450.001
893|366.001
894|108.001
895|125.001
896|619.001
897|514.001
898|479.001
899|247.001
900|756.001
901|332.001
902|534.001
903|381.001
904|568.001
905|458.001
906|237.001
907|670.001
908|510.001
909|736.001
910|823.001
911|924.001
912|698.001
913|57.001
914|821.001
915|902.001
916|968.001
917|789.001
918|715.001
919|821.001
920|356.001
921|495.001
922|16.001
923|784.001
924|428.001
925|528.001
926|285.001
927|199.001
928|716.001
929|289.001
930|617.001
931|309.001
932|697.001
933|888.001
934|108.001
935|426.001
936|440.001
937|429.001
938|818.001
939|822.001
940|850.001
941|950.001
942|637.001
943|195.001
944|436.001
945|819.001
946|871.001
947|465.001
948|242.001
949|300.001
950|318.001
951|708.001
952|21.001
953|342.001
954|494.001
955|166.001
956|647.001
957|89.001
958|322.001
959|640.001
960|472.001
961|721.001
962|883.001
963|704.001
964|605.001
965|362.001
966|556.001
967|446.001
968|988.001
969|465.001
970|881.001
971|203.001
972|570.001
973|318.001
974|443.001
975|552.001
976|433.001
977|498.001
978|10.001
979|159.001
980|752.001
981|603.001
982|611.001
983|14.001
984|817.001
985|833.001
986|342.001
987|656.001
988|26.001
989|480.001
990|537.001
991|81.001
992|410.001
993|468.001
994|322.001
995|935.001
996|796.001
997|81.001
998|651.001
999|958.001
