1|350.001
2|671.001
3|353.001
4|491.001
5|32.001
6|730.001
7|864.001
8|670.001
9|382.001
10|707.001
11|338.001
12|460.001
13|9.001
14|317.001
15|406.001
16|708.001
17|444.001
18|182.001
19|83.001
20|347.001
21|879.001
22|845.001
23|105.001
24|729.001
25|556.001
26|282.001
27|896.001
28|869.001
29|908.001
30|683.001
31|47.001
32|104.001
33|123.001
34|994.001
35|675.001
36|195.001
37|999.001
38|169.001
39|837.001
40|786.001
41|679.001
42|687.001
43|257.001
44|597.001
45|811.001
46|431.001
47|163.001
48|374.001
49|892.001
50|422.001
51|824.001
52|264.001
53|848.001
54|434.001
55|489.001
56|486.001
57|166.001
58|437.001
59|22.001
60|450.001
61|373.001
62|142.001
63|173.001
64|0.001
65|69.001
66|306.001
67|603.001
68|455.001
69|806.001
70|329.001
71|877.001
72|57.001
73|464.001
74|877.001
75|319.001
76|800.001
77|653.001
78|956.001
79|932.001
80|793.001
81|857.001
82|41.001
83|802.001
84|723.001
85|275.001
86|678.001
87|751.001
88|302.001
89|855.001
90|613.001
91|64.001
92|497.001
93|827.001
94|130.001
95|790.001
96|998.001
97|384.001
98|274.001
99|526.001
100|231.001
101|739.001
102|286.001
103|713.001
104|335.001
105|60.001
106|492.001
107|479.001
108|33.001
109|293.001
110|972.001
111|731.001
112|597.001
113|188.001
114|932.001
115|678.001
116|435.001
117|439.001
118|959.001
119|143.001
120|582.001
121|795.001
122|294.001
123|847.001
124|938.001
125|458.001
126|623.001
127|231.001
128|887.001
129|107.001
130|337.001
131|315.001
132|843.001
133|300.001
134|915.001
135|865.001
136|675.001
137|128.001
138|662.001
139|144.001
140|536.001
141|679.001
142|390.001
143|182.001
144|749.001
145|163.001
146|449.001
147|823.001
148|871.001
149|797.001
150|831.001
151|804.001
152|301.001
153|5.001
154|593.001
155|526.001
156|961.001
157|481.001
158|807.001
159|836.001
160|391.001
161|256.001
162|833.001
163|745.001
164|727.001
165|979.001
166|144.001
167|144.001
168|463.001
169|530.001
170|679.001
171|37.001
172|132.001
173|620.001
174|256.001
175|250.001
176|220.001
177|36.001
178|483.001
179|93.001
180|945.001
181|350.001
182|399.001
183|794.001
184|43.001
185|399.001
186|937.001
187|293.001
188|456.001
189|639.001
190|664.001
191|497.001
192|457.001
193|338.001
194|299.001
195|61.001
196|413.001
197|142.001
198|257.001
199|197.001
200|923.001
201|910.001
202|258.001
203|403.001
204|354.001
205|262.001
206|193.001
207|237.001
208|2.001
209|751.001
210|61.001
211|596.001
212|620.001
213|632.001
214|232.001
215|913.001
216|690.001
217|222.001
218|239.001
219|929.001
220|688.001
221|200.001
222|444.001
223|363.001
224|907.001
225|887.001
226|49.001
227|778.001
228|12.001
229|724.001
230|373.001
231|582.001
232|256.001
233|34.001
234|912.001
235|506.001
236|223.001
237|587.001
238|739.001
239|230.001
240|942.001
241|531.001
242|704.001
243|23.001
244|233.001
245|871.001
246|487.001
247|61.001
248|311.001
249|26.001
250|75.001
251|645.001
252|951.001
253|297.001
254|0.001
255|355.001
256|849.001
257|91.001
258|542.001
259|644.001
260|953.001
261|688.001
262|556.001
263|208.001
264|959.001
265|702.001
266|550.001
267|669.001
268|595.001
269|373.001
270|991.001
271|860.001
272|922.001
273|79.001
274|955.001
275|703.001
276|109.001
277|745.001
278|762.001
279|524.001
280|722.001
281|548.001
282|108.001
283|976.001
284|599.001
285|232.001
286|687.001
287|488.001
288|745.001
289|390.001
290|408.001
291|546.001
292|964.001
293|960.001
294|753.001
295|916.001
296|416.001
297|238.001
298|641.001
299|888.001
300|555.001
301|114.001
302|34.001
303|25.001
304|137.001
305|501.001
306|280.001
307|372.001
308|496.001
309|525.001
310|599.001
311|828.001
312|104.001
313|478.001
314|696.001
315|227.001
316|995.001
317|8.001
318|551.001
319|164.001
320|477.001
321|608.001
322|459.001
323|825.001
324|102.001
325|820.001
326|704.001
327|453.001
328|61.001
329|424.001
330|308.001
331|278.001
332|852.001
333|747.001
334|935.001
335|113.001
336|100.001
337|71.001
338|751.001
339|880.001
340|447.001
341|192.001
342|643.001
343|141.001
344|528.001
345|220.001
346|819.001
347|206.001
348|224.001
349|296.001
350|494.001
351|202.001
352|363.001
353|933.001
354|222.001
355|410.001
356|325.001
357|59.001
358|825.001
359|181.001
360|456.001
361|514.001
362|163.001
363|362.001
364|322.001
365|206.001
366|764.001
367|158.001
368|803.001
369|865.001
370|346.001
371|941.001
372|547.001
373|193.001
374|316.001
375|3.001
376|917.001
377|346.001
378|991.001
379|94.001
380|646.001
381|706.001
382|138.001
383|421.001
384|610.001
385|143.001
386|793.001
387|629.001
388|902.001
389|779.001
390|589.001
391|403.001
392|705.001
393|354.001
394|274.001
395|736.001
396|140.001
397|165.001
398|905.001
399|959.001
400|563.001
401|733.001
402|183.001
403|731.001
404|722.001
405|308.001
406|286.001
407|488.001
408|141.001
409|301.001
410|678.001
411|684.001
412|343.001
413|908.001
414|399.001
415|939.001
416|811.001
417|15.001
418|189.001
419|474.001
420|881.001
421|165.001
422|849.001
423|754.001
424|688.001
425|318.001
426|832.001
427|677.001
428|347.001
429|381.001
430|622.001
431|459.001
432|787.001
433|95.001
434|593.001
435|564.001
436|604.001
437|917.001
438|16.001
439|880.001
440|596.001
441|651.001
442|130.001
443|664.001
444|853.001
445|742.001
446|412.001
447|598.001
448|848.001
449|265.001
450|238.001
451|693.001
452|178.001
453|234.001
454|403.001
455|843.001
456|738.001
457|853.001
458|542.001
459|378.001
460|692.001
461|226.001
462|812.001
463|249.001
464|453.001
465|844.001
466|201.001
467|313.001
468|986.001
469|995.001
470|349.001
471|929.001
472|97.001
473|521.001
474|558.001
475|355.001
476|473.001
477|464.001
478|991.001
479|520.001
480|410.001
481|533.001
482|84.001
483|81.001
484|982.001
485|949.001
486|361.001
487|309.001
488|442.001
489|336.001
490|244.001
491|38.001
492|265.001
493|410.001
494|23.001
495|761.001
496|866.001
497|531.001
498|397.001
499|112.001
500|284.001
501|961.001
502|329.001
503|357.001
504|935.001
505|396.001
506|720.001
507|832.001
508|306.001
509|308.001
510|592.001
511|888.001
512|16.001
513|315.001
514|402.001
515|382.001
516|122.001
517|397.001
518|17.001
519|559.001
520|633.001
521|413.001
522|309.001
523|932.001
524|548.001
525|488.001
526|866.001
527|385.001
528|731.001
529|990.001
530|568.001
531|534.001
532|458.001
533|873.001
534|36.001
535|7.001
536|573.001
537|964.001
538|32.001
539|351.001
540|511.001
541|49.001
542|394.001
543|402.001
544|936.001
545|803.001
546|513.001
547|243.001
548|122.001
549|745.001
550|366.001
551|613.001
552|715.001
553|908.001
554|206.001
555|146.001
556|258.001
557|502.001
558|761.001
559|493.001
560|62.001
561|710.001
562|43.001
563|601.001
564|149.001
565|187.001
566|296.001
567|381.001
568|143.001
569|156.001
570|351.001
571|361.001
572|972.001
573|977.001
574|30.001
575|546.001
576|888.001
577|721.001
578|602.001
579|171.001
580|155.001
581|540.001
582|683.001
583|833.001
584|752.001
585|412.001
586|542.001
587|344.001
588|85.001
589|222.001
590|98.001
591|769.001
592|723.001
593|950.001
594|655.001
595|581.001
596|137.001
597|868.001
598|600.001
599|918.001
600|918.001
601|377.001
602|771.001
603|640.001
604|509.001
605|221.001
606|219.001
607|332.001
608|442.001
609|254.001
610|491.001
611|393.001
612|92.001
613|298.001
614|637.001
615|85.001
616|649.001
617|42.001
618|997.001
619|70.001
620|149.001
621|103.001
622|347.001
623|509.001
624|993.001
625|338.001
626|698.001
627|224.001
628|214.001
629|334.001
630|914.001
631|965.001
632|608.001
633|145.001
634|738.001
635|327.001
636|907.001
637|448.001
638|512.001
639|39.001
640|693.001
641|21.001
642|99.001
643|735.001
644|187.001
645|677.001
646|725.001
647|231.001
648|147.001
649|295.001
650|845.001
651|417.001
652|217.001
653|31.001
654|979.001
655|365.001
656|111.001
657|514.001
658|738.001
659|348.001
660|783.001
661|237.001
662|502.001
663|792.001
664|265.001
665|962.001
666|143.001
667|615.001
668|986.001
669|940.001
670|461.001
671|992.001
672|746.001
673|363.001
674|723.001
675|412.001
676|962.001
677|733.001
678|4.001
679|623.001
680|876.001
681|595.001
682|827.001
683|536.001
684|62.001
685|424.001
686|857.001
687|435.001
688|606.001
689|899.001
690|576.001
691|286.001
692|358.001
693|453.001
694|746.001
695|28.001
696|642.001
697|251.001
698|408.001
699|236.001
700|16.001
701|702.001
702|255.001
703|417.001
704|455.001
705|187.001
706|65.001
707|960.001
708|108.001
709|66.001
710|265.001
711|737.001
712|502.001
713|672.001
714|433.001
715|656.001
716|406.001
717|189.001
718|767.001
719|663.001
720|351.001
721|862.001
722|70.001
723|294.001
724|949.001
725|889.001
726|94.001
727|562.001
728|406.001
729|139.001
730|911.001
731|12.001
732|857.001
733|364.001
734|553.001
735|770.001
736|324.001
737|621.001
738|953.001
739|302.001
740|331.001
741|851.001
742|408.001
743|121.001
744|119.001
745|372.001
746|24.001
747|356.001
748|233.001
749|883.001
750|439.001
751|943.001
752|481.001
753|729.001
754|858.001
755|614.001
756|25.001
757|334.001
758|876.001
759|839.001
760|442.001
761|162.001
762|341.001
763|828.001
764|234.001
765|434.001
766|824.001
767|514.001
768|310.001
769|138.001
770|295.001
771|557.001
772|102.001
773|404.001
774|543.001
775|404.001
776|807.001
777|661.001
778|582.001
779|928.001
780|982.001
781|715.001
782|302.001
783|153.001
784|354.001
785|493.001
786|144.001
787|394.001
788|519.001
789|33.001
790|725.001
791|330.001
792|250.001
793|234.001
794|159.001
795|939.001
796|322.001
797|933.001
798|641.001
799|447.001
800|784.001
801|422.001
802|895.001
803|188.001
804|134.001
805|704.001
806|680.001
807|851.001
808|600.001
809|473.001
810|836.001
811|726.001
812|757.001
813|246.001
814|559.001
815|897.001
816|19.001
817|446.001
818|886.001
819|921.001
820|68.001
821|487.001
822|311.001
823|318.001
824|197.001
825|528.001
826|994.001
827|958.001
828|152.001
829|159.001
830|92.001
831|947.001
832|890.001
833|509.001
834|811.001
835|321.001
836|986.001
837|589.001
838|723.001
839|699.001
840|438.001
841|986.001
842|470.001
843|313.001
844|647.001
845|186.001
846|423.001
847|994.001
848|186.001
849|728.001
850|120.001
851|620.001
852|814.001
853|817.001
854|642.001
855|125.001
856|489.001
857|713.001
858|699.001
859|789.001
860|525.001
861|70.001
862|261.001
863|465.001
864|768.001
865|703.001
866|341.001
867|989.001
868|88.001
869|396.001
870|422.001
871|955.001
872|681.001
873|226.001
874|818.001
875|111.001
876|203.001
877|780.001
878|354.001
879|520.001
880|665.001
881|17.001
882|153.001
883|378.001
884|881.001
885|610.001
886|712.001
887|430.001
888|402.001
889|590.001
890|102.001
891|708.001
892|673.001
893|252.001
894|128.001
895|551.001
896|120.001
897|205.001
898|201.001
899|111.001
900|690.001
901|94.001
902|658.001
903|99.001
904|417.001
905|760.001
906|280.001
907|404.001
908|92.001
909|636.001
910|402.001
911|963.001
912|189.001
913|598.001
914|316.001
915|875.001
916|70.001
917|990.001
918|503.001
919|765.001
920|467.001
921|168.001
922|974.001
923|388.001
924|823.001
925|592.001
926|358.001
927|914.001
928|359.001
929|846.001
930|831.001
931|839.001
932|443.001
933|127.001
934|7.001
935|734.001
936|929.001
937|100.001
938|721.001
939|355.001
940|656.001
941|122.001
942|33.001
943|245.001
944|228.001
945|109.001
946|992.001
947|186.001
948|605.001
949|749.001
950|171.001
951|168.001
952|607.001
953|39.001
954|368.001
955|679.001
956|517.001
957|151.001
958|604.001
959|494.001
960|32.001
961|784.001
962|186.001
963|158.001
964|177.001
965|887.001
966|71.001
967|390.001
968|972.001
969|96.001
970|444.001
971|506.001
972|233.001
973|793.001
974|463.001
975|631.001
976|579.001
977|724.001
978|676.001
979|347.001
980|427.001
981|872.001
982|12.001
983|943.001
984|260.001
985|576.001
986|901.001
987|411.001
988|812.001
989|175.001
990|913.001
991|629.001
992|624.001
993|534.001
994|304.001
995|351.001
996|802.001
997|110.001
998|721.001
999|793.001
