1|329.001
2|664.001
3|499.001
4|868.001
5|881.001
6|798.001
7|119.001
8|979.001
9|637.001
10|732.001
11|786.001
12|918.001
13|641.001
14|391.001
15|326.001
16|476.001
17|268.001
18|782.001
19|267.001
20|527.001
21|118.001
22|716.001
23|937.001
24|540.001
25|163.001
26|306.001
27|702.001
28|219.001
29|801.001
30|509.001
31|221.001
32|241.001
33|772.001
34|123.001
35|785.001
36|70.001
37|944.001
38|485.001
39|162.001
40|177.001
41|823.001
42|589.001
43|308.001
44|639.001
45|500.001
46|688.001
47|636.001
48|360.001
49|643.001
50|820.001
51|411.001
52|768.001
53|619.001
54|333.001
55|824.001
56|298.001
57|696.001
58|635.001
59|12.001
60|715.001
61|769.001
62|722.001
63|955.001
64|875.001
65|727.001
66|248.001
67|330.001
68|651.001
69|410.001
70|525.001
71|96.001
72|360.001
73|285.001
74|443.001
75|152.001
76|775.001
77|685.001
78|531.001
79|340.001
80|903.001
81|642.001
82|581.001
83|265.001
84|311.001
85|554.001
86|809.001
87|303.001
88|357.001
89|279.001
90|914.001
91|451.001
92|218.001
93|220.001
94|113.001
95|130.001
96|417.001
97|496.001
98|778.001
99|250.001
100|784.001
101|341.001
102|414.001
103|706.001
104|985.001
105|348.001
106|756.001
107|770.001
108|363.001
109|994.001
110|179.001
111|697.001
112|608.001
113|44.001
114|527.001
115|689.001
116|624.001
117|153.001
118|97.001
119|930.001
120|937.001
121|191.001
122|590.001
123|24.001
124|634.001
125|356.001
126|481.001
127|507.001
128|547.001
129|890.001
130|918.001
131|359.001
132|84.001
133|703.001
134|171.001
135|436.001
136|751.001
137|205.001
138|767.001
139|913.001
140|844.001
141|967.001
142|593.001
143|350.001
144|556.001
145|571.001
146|421.001
147|997.001
148|215.001
149|146.001
150|735.001
151|571.001
152|493.001
153|948.001
154|904.001
155|977.001
156|260.001
157|840.001
158|246.001
159|473.001
160|820.001
161|825.001
162|190.001
163|196.001
164|983.001
165|742.001
166|536.001
167|768.001
168|434.001
169|723.001
170|256.001
171|373.001
172|288.001
173|357.001
174|288.001
175|415.001
176|1.001
177|678.001
178|750.001
179|836.001
180|580.001
181|44.001
182|90.001
183|418.001
184|292.001
185|926.001
186|429.001
187|568.001
188|876.001
189|800.001
190|399.001
191|539.001
192|299.001
193|167.001
194|411.001
195|141.001
196|674.001
197|866.001
198|939.001
199|284.001
200|756.001
201|155.001
202|753.001
203|776.001
204|342.001
205|599.001
206|975.001
207|172.001
208|594.001
209|983.001
210|540.001
211|337.001
212|688.001
213|0.001
214|10.001
215|984.001
216|674.001
217|593.001
218|47.001
219|144.001
220|136.001
221|937.001
222|788.001
223|330.001
224|452.001
225|150.001
226|834.001
227|369.001
228|64.001
229|143.001
230|546.001
231|719.001
232|525.001
233|300.001
234|231.001
235|254.001
236|471.001
237|50.001
238|154.001
239|981.001
240|665.001
241|510.001
242|635.001
243|486.001
244|197.001
245|794.001
246|361.001
247|815.001
248|465.001
249|770.001
250|126.001
251|12.001
252|58.001
253|81.001
254|696.001
255|434.001
256|932.001
257|173.001
258|329.001
259|185.001
260|452.001
261|78.001
262|514.001
263|755.001
264|656.001
265|331.001
266|859.001
267|943.001
268|91.001
269|848.001
270|918.001
271|28.001
272|546.001
273|441.001
274|873.001
275|639.001
276|808.001
277|800.001
278|264.001
279|63.001
280|947.001
281|833.001
282|101.001
283|833.001
284|818.001
285|843.001
286|385.001
287|916.001
288|502.001
289|635.001
290|358.001
291|855.001
292|590.001
293|676.001
294|216.001
295|352.001
296|824.001
297|484.001
298|718.001
299|272.001
300|519.001
301|369.001
302|823.001
303|683.001
304|793.001
305|629.001
306|418.001
307|279.001
308|479.001
309|683.001
310|886.001
311|438.001
312|435.001
313|875.001
314|708.001
315|318.001
316|731.001
317|645.001
318|6.001
319|724.001
320|214.001
321|53.001
322|453.001
323|374.001
324|216.001
325|354.001
326|73.001
327|470.001
328|836.001
329|730.001
330|299.001
331|846.001
332|928.001
333|831.001
334|837.001
335|422.001
336|41.001
337|784.001
338|932.001
339|338.001
340|650.001
341|433.001
342|926.001
343|370.001
344|819.001
345|803.001
346|150.001
347|547.001
348|51.001
349|552.001
350|41.001
351|953.001
352|123.001
353|930.001
354|422.001
355|980.001
356|643.001
357|309.001
358|779.001
359|807.001
360|431.001
361|967.001
362|966.001
363|255.001
364|45.001
365|311.001
366|923.001
367|419.001
368|663.001
369|501.001
370|58.001
371|287.001
372|343.001
373|792.001
374|719.001
375|466.001
376|45.001
377|189.001
378|942.001
379|16.001
380|985.001
381|567.001
382|644.001
383|188.001
384|980.001
385|420.001
386|250.001
387|944.001
388|379.001
389|489.001
390|760.001
391|795.001
392|226.001
393|457.001
394|668.001
395|59.001
396|23.001
397|492.001
398|224.001
399|774.001
400|55.001
401|510.001
402|392.001
403|832.001
404|583.001
405|935.001
406|607.001
407|851.001
408|561.001
409|562.001
410|884.001
411|672.001
412|573.001
413|179.001
414|960.001
415|20.001
416|988.001
417|970.001
418|340.001
419|453.001
420|142.001
421|674.001
422|439.001
423|456.001
424|490.001
425|237.001
426|87.001
427|41.001
428|846.001
429|300.001
430|532.001
431|808.001
432|834.001
433|411.001
434|150.001
435|565.001
436|327.001
437|455.001
438|999.001
439|139.001
440|979.001
441|444.001
442|236.001
443|521.001
444|868.001
445|720.001
446|88.001
447|141.001
448|391.001
449|366.001
450|105.001
451|112.001
452|224.001
453|91.001
454|491.001
455|87.001
456|182.001
457|375.001
458|563.001
459|539.001
460|937.001
461|565.001
462|680.001
463|417.001
464|911.001
465|390.001
466|561.001
467|115.001
468|329.001
469|476.001
470|293.001
471|453.001
472|938.001
473|511.001
474|625.001
475|115.001
476|968.001
477|903.001
478|891.001
479|950.001
480|537.001
481|938.001
482|183.001
483|311.001
484|435.001
485|82.001
486|491.001
487|447.001
488|781.001
489|159.001
490|708.001
491|886.001
492|146.001
493|141.001
494|516.001
495|113.001
496|682.001
497|45.001
498|711.001
499|126.001
500|885.001
501|992.001
502|155.001
503|379.001
504|87.001
505|502.001
506|122.001
507|37.001
508|683.001
509|617.001
510|134.001
511|956.001
512|878.001
513|327.001
514|377.001
515|907.001
516|143.001
517|755.001
518|663.001
519|926.001
520|83.001
521|122.001
522|608.001
523|695.001
524|994.001
525|279.001
526|785.001
527|908.001
528|330.001
529|807.001
530|635.001
531|100.001
532|175.001
533|691.001
534|361.001
535|960.001
536|418.001
537|985.001
538|107.001
539|915.001
540|589.001
541|25.001
542|570.001
543|529.001
544|881.001
545|422.001
546|14.001
547|606.001
548|991.001
549|304.001
550|438.001
551|894.001
552|4.001
553|663.001
554|295.001
555|883.001
556|935.001
557|727.001
558|111.001
559|277.001
560|472.001
561|309.001
562|889.001
563|853.001
564|890.001
565|36.001
566|633.001
567|677.001
568|624.001
569|590.001
570|834.001
571|661.001
572|795.001
573|828.001
574|222.001
575|624.001
576|599.001
577|520.001
578|119.001
579|122.001
580|763.001
581|744.001
582|858.001
583|871.001
584|890.001
585|384.001
586|83.001
587|257.001
588|818.001
589|307.001
590|45.001
591|749.001
592|195.001
593|53.001
594|527.001
595|184.001
596|973.001
597|569.001
598|727.001
599|438.001
600|797.001
601|313.001
602|155.001
603|499.001
604|441.001
605|54.001
606|394.001
607|252.001
608|718.001
609|493.001
610|248.001
611|892.001
612|139.001
613|902.001
614|198.001
615|500.001
616|872.001
617|677.001
618|812.001
619|175.001
620|737.001
621|161.001
622|624.001
623|733.001
624|566.001
625|17.001
626|98.001
627|190.001
628|490.001
629|790.001
630|145.001
631|916.001
632|485.001
633|709.001
634|639.001
635|833.001
636|6.001
637|752.001
638|132.001
639|528.001
640|114.001
641|743.001
642|366.001
643|283.001
644|242.001
645|858.001
646|404.001
647|680.001
648|19.001
649|159.001
650|995.001
651|841.001
652|884.001
653|107.001
654|464.001
655|58.001
656|41.001
657|89.001
658|186.001
659|759.001
660|346.001
661|764.001
662|127.001
663|118.001
664|140.001
665|571.001
666|923.001
667|187.001
668|336.001
669|433.001
670|772.001
671|431.001
672|624.001
673|636.001
674|862.001
675|961.001
676|922.001
677|685.001
678|37.001
679|419.001
680|116.001
681|528.001
682|206.001
683|183.001
684|666.001
685|517.001
686|80.001
687|631.001
688|83.001
689|864.001
690|566.001
691|991.001
692|433.001
693|394.001
694|963.001
695|787.001
696|107.001
697|20.001
698|567.001
699|308.001
700|808.001
701|14.001
702|668.001
703|449.001
704|195.001
705|625.001
706|977.001
707|166.001
708|732.001
709|327.001
710|230.001
711|656.001
712|715.001
713|842.001
714|569.001
715|518.001
716|694.001
717|725.001
718|334.001
719|9.001
720|286.001
721|982.001
722|63.001
723|558.001
724|903.001
725|224.001
726|70.001
727|862.001
728|462.001
729|302.001
730|105.001
731|866.001
732|132.001
733|219.001
734|859.001
735|293.001
736|473.001
737|516.001
738|870.001
739|939.001
740|392.001
741|822.001
742|157.001
743|160.001
744|72.001
745|134.001
746|752.001
747|898.001
748|106.001
749|310.001
750|955.001
751|249.001
752|605.001
753|530.001
754|450.001
755|479.001
756|139.001
757|614.001
758|307.001
759|679.001
760|933.001
761|202.001
762|779.001
763|655.001
764|518.001
765|445.001
766|999.001
767|726.001
768|820.001
769|494.001
770|803.001
771|18.001
772|742.001
773|502.001
774|305.001
775|592.001
776|958.001
777|761.001
778|277.001
779|88.001
780|43.001
781|91.001
782|521.001
783|469.001
784|639.001
785|455.001
786|941.001
787|877.001
788|928.001
789|663.001
790|836.001
791|431.001
792|138.001
793|664.001
794|716.001
795|163.001
796|397.001
797|464.001
798|914.001
799|617.001
800|679.001
801|459.001
802|248.001
803|474.001
804|442.001
805|783.001
806|41.001
807|229.001
808|85.001
809|827.001
810|433.001
811|790.001
812|45.001
813|806.001
814|110.001
815|73.001
816|628.001
817|98.001
818|887.001
819|942.001
820|1.001
821|644.001
822|423.001
823|62.001
824|239.001
825|462.001
826|940.001
827|613.001
828|955.001
829|294.001
830|623.001
831|322.001
832|754.001
833|420.001
834|965.001
835|727.001
836|710.001
837|361.001
838|299.001
839|713.001
840|56.001
841|967.001
842|499.001
843|742.001
844|963.001
845|347.001
846|312.001
847|732.001
848|430.001
849|136.001
850|118.001
851|823.001
852|767.001
853|844.001
854|145.001
855|234.001
856|83.001
857|95.001
858|632.001
859|153.001
860|638.001
861|711.001
862|672.001
863|98.001
864|816.001
865|304.001
866|199.001
867|217.001
868|409.001
869|453.001
870|104.001
871|642.001
872|250.001
873|454.001
874|299.001
875|82.001
876|244.001
877|328.001
878|32.001
879|604.001
880|773.001
881|381.001
882|529.001
883|472.001
884|726.001
885|560.001
886|370.001
887|926.001
888|534.001
889|222.001
890|156.001
891|118.001
892|434.001
893|522.001
894|887.001
895|376.001
896|7.001
897|28.001
898|115.001
899|783.001
900|78.001
901|866.001
902|24.001
903|783.001
904|22.001
905|933.001
906|426.001
907|396.001
908|219.001
909|345.001
910|10.001
911|826.001
912|432.001
913|454.001
914|675.001
915|701.001
916|706.001
917|52.001
918|633.001
919|839.001
920|75.001
921|760.001
922|682.001
923|435.001
924|998.001
925|862.001
926|82.001
927|260.001
928|739.001
929|731.001
930|82.001
931|468.001
932|918.001
933|897.001
934|121.001
935|339.001
936|404.001
937|879.001
938|204.001
939|234.001
940|950.001
941|400.001
942|16.001
943|757.001
944|421.001
945|716.001
946|710.001
947|675.001
948|183.001
949|515.001
950|611.001
951|344.001
952|820.001
953|838.001
954|248.001
955|717.001
956|900.001
957|646.001
958|146.001
959|285.001
960|345.001
961|384.001
962|755.001
963|25.001
964|401.001
965|808.001
966|758.001
967|817.001
968|87.001
969|650.001
970|314.001
971|651.001
972|908.001
973|605.001
974|36.001
975|729.001
976|663.001
977|324.001
978|251.001
979|201.001
980|843.001
981|405.001
982|916.001
983|674.001
984|10.001
985|643.001
986|423.001
987|568.001
988|389.001
989|282.001
990|462.001
991|417.001
992|356.001
993|619.001
994|326.001
995|910.001
996|528.001
997|835.001
998|312.001
999|67.001
