1|556.001
2|747.001
3|191.001
4|905.001
5|897.001
6|763.001
7|893.001
8|546.001
9|613.001
10|530.001
11|724.001
12|404.001
13|933.001
14|364.001
15|913.001
16|125.001
17|719.001
18|251.001
19|307.001
20|190.001
21|728.001
22|659.001
23|176.001
24|38.001
25|223.001
26|155.001
27|996.001
28|888.001
29|91.001
30|289.001
31|820.001
32|801.001
33|757.001
34|357.001
35|426.001
36|942.001
37|431.001
38|211.001
39|626.001
40|703.001
41|907.001
42|955.001
43|567.001
44|68.001
45|57.001
46|36.001
47|941.001
48|27.001
49|555.001
50|12.001
51|881.001
52|710.001
53|994.001
54|921.001
55|505.001
56|472.001
57|867.001
58|271.001
59|624.001
60|885.001
61|635.001
62|935.001
63|628.001
64|144.001
65|162.001
66|786.001
67|574.001
68|622.001
69|934.001
70|404.001
71|705.001
72|872.001
73|988.001
74|865.001
75|890.001
76|22.001
77|808.001
78|395.001
79|559.001
80|352.001
81|350.001
82|633.001
83|478.001
84|818.001
85|952.001
86|536.001
87|720.001
88|902.001
89|466.001
90|227.001
91|221.001
92|304.001
93|602.001
94|381.001
95|417.001
96|666.001
97|24.001
98|356.001
99|788.001
100|39.001
101|704.001
102|262.001
103|752.001
104|896.001
105|228.001
106|926.001
107|976.001
108|420.001
109|314.001
110|553.001
111|412.001
112|925.001
113|67.001
114|200.001
115|575.001
116|399.001
117|3.001
118|606.001
119|119.001
120|932.001
121|655.001
122|682.001
123|546.001
124|382.001
125|599.001
126|238.001
127|16.001
128|613.001
129|856.001
130|92.001
131|696.001
132|377.001
133|478.001
134|863.001
135|441.001
136|608.001
137|823.001
138|374.001
139|175.001
140|290.001
141|641.001
142|899.001
143|400.001
144|472.001
145|729.001
146|12.001
147|945.001
148|948.001
149|417.001
150|767.001
151|507.001
152|106.001
153|792.001
154|21.001
155|480.001
156|647.001
157|191.001
158|985.001
159|507.001
160|540.001
161|35.001
162|863.001
163|306.001
164|199.001
165|309.001
166|936.001
167|654.001
168|744.001
169|141.001
170|900.001
171|232.001
172|891.001
173|344.001
174|676.001
175|777.001
176|914.001
177|162.001
178|673.001
179|56.001
180|631.001
181|859.001
182|144.001
183|968.001
184|156.001
185|343.001
186|543.001
187|624.001
188|827.001
189|530.001
190|366.001
191|368.001
192|739.001
193|920.001
194|610.001
195|904.001
196|649.001
197|638.001
198|274.001
199|156.001
200|985.001
201|346.001
202|15.001
203|472.001
204|565.001
205|810.001
206|449.001
207|255.001
208|745.001
209|502.001
210|182.001
211|715.001
212|368.001
213|332.001
214|246.001
215|653.001
216|965.001
217|249.001
218|408.001
219|844.001
220|444.001
221|128.001
222|8.001
223|714.001
224|819.001
225|77.001
226|163.001
227|321.001
228|248.001
229|16.001
230|935.001
231|712.001
232|11.001
233|525.001
234|780.001
235|591.001
236|746.001
237|658.001
238|677.001
239|569.001
240|479.001
241|583.001
242|237.001
243|279.001
244|849.001
245|543.001
246|314.001
247|706.001
248|796.001
249|511.001
250|798.001
251|636.001
252|197.001
253|204.001
254|635.001
255|632.001
256|783.001
257|194.001
258|919.001
259|56.001
260|220.001
261|914.001
262|593.001
263|311.001
264|427.001
265|784.001
266|954.001
267|713.001
268|102.001
269|669.001
270|227.001
271|864.001
272|41.001
273|167.001
274|897.001
275|275.001
276|796.001
277|522.001
278|58.001
279|12.001
280|59.001
281|573.001
282|728.001
283|425.001
284|98.001
285|532.001
286|40.001
287|236.001
288|496.001
289|390.001
290|338.001
291|728.001
292|765.001
293|384.001
294|429.001
295|229.001
296|613.001
297|899.001
298|262.001
299|735.001
300|729.001
301|105.001
302|87.001
303|475.001
304|51.001
305|566.001
306|111.001
307|782.001
308|547.001
309|778.001
310|230.001
311|681.001
312|224.001
313|234.001
314|561.001
315|29.001
316|983.001
317|387.001
318|792.001
319|997.001
320|260.001
321|294.001
322|374.001
323|374.001
324|832.001
325|759.001
326|417.001
327|693.001
328|669.001
329|668.001
330|778.001
331|994.001
332|146.001
333|665.001
334|740.001
335|834.001
336|335.001
337|635.001
338|679.001
339|791.001
340|837.001
341|136.001
342|791.001
343|59.001
344|999.001
345|779.001
346|916.001
347|485.001
348|689.001
349|97.001
350|129.001
351|345.001
352|818.001
353|240.001
354|232.001
355|141.001
356|741.001
357|807.001
358|794.001
359|134.001
360|181.001
361|454.001
362|224.001
363|36.001
364|775.001
365|148.001
366|267.001
367|632.001
368|731.001
369|835.001
370|507.001
371|817.001
372|27.001
373|994.001
374|52.001
375|475.001
376|824.001
377|0.001
378|668.001
379|184.001
380|48.001
381|467.001
382|223.001
383|728.001
384|217.001
385|831.001
386|221.001
387|28.001
388|921.001
389|824.001
390|161.001
391|146.001
392|499.001
393|700.001
394|703.001
395|731.001
396|764.001
397|758.001
398|313.001
399|826.001
400|615.001
401|579.001
402|726.001
403|223.001
404|111.001
405|552.001
406|503.001
407|641.001
408|720.001
409|669.001
410|648.001
411|842.001
412|20.001
413|585.001
414|763.001
415|490.001
416|760.001
417|462.001
418|198.001
419|624.001
420|942.001
421|141.001
422|909.001
423|895.001
424|285.001
425|953.001
426|30.001
427|706.001
428|565.001
429|226.001
430|263.001
431|462.001
432|356.001
433|140.001
434|141.001
435|283.001
436|24.001
437|789.001
438|59.001
439|800.001
440|395.001
441|664.001
442|826.001
443|739.001
444|919.001
445|406.001
446|716.001
447|354.001
448|141.001
449|799.001
450|357.001
451|62.001
452|321.001
453|899.001
454|337.001
455|707.001
456|294.001
457|287.001
458|654.001
459|232.001
460|49.001
461|347.001
462|788.001
463|71.001
464|328.001
465|913.001
466|939.001
467|123.001
468|677.001
469|628.001
470|837.001
471|385.001
472|671.001
473|225.001
474|612.001
475|665.001
476|147.001
477|981.001
478|966.001
479|978.001
480|535.001
481|881.001
482|324.001
483|477.001
484|809.001
485|796.001
486|435.001
487|990.001
488|341.001
489|932.001
490|608.001
491|935.001
492|677.001
493|19.001
494|396.001
495|774.001
496|151.001
497|366.001
498|94.001
499|345.001
500|372.001
501|124.001
502|21.001
503|922.001
504|940.001
505|422.001
506|346.001
507|958.001
508|476.001
509|46.001
510|680.001
511|796.001
512|595.001
513|740.001
514|953.001
515|587.001
516|396.001
517|614.001
518|582.001
519|332.001
520|904.001
521|727.001
522|603.001
523|541.001
524|453.001
525|336.001
526|333.001
527|243.001
528|53.001
529|998.001
530|546.001
531|694.001
532|122.001
533|48.001
534|722.001
535|913.001
536|70.001
537|863.001
538|216.001
539|634.001
540|186.001
541|948.001
542|658.001
543|73.001
544|801.001
545|982.001
546|862.001
547|389.001
548|459.001
549|581.001
550|331.001
551|564.001
552|899.001
553|751.001
554|435.001
555|96.001
556|543.001
557|582.001
558|803.001
559|249.001
560|275.001
561|429.001
562|442.001
563|411.001
564|556.001
565|12.001
566|701.001
567|353.001
568|687.001
569|820.001
570|607.001
571|395.001
572|37.001
573|877.001
574|305.001
575|355.001
576|653.001
577|46.001
578|121.001
579|599.001
580|745.001
581|338.001
582|391.001
583|708.001
584|899.001
585|684.001
586|924.001
587|430.001
588|339.001
589|492.001
590|975.001
591|175.001
592|360.001
593|969.001
594|849.001
595|375.001
596|512.001
597|849.001
598|687.001
599|45.001
600|148.001
601|171.001
602|588.001
603|430.001
604|316.001
605|846.001
606|363.001
607|600.001
608|735.001
609|205.001
610|854.001
611|541.001
612|727.001
613|553.001
614|614.001
615|911.001
616|373.001
617|161.001
618|149.001
619|379.001
620|50.001
621|318.001
622|819.001
623|34.001
624|472.001
625|830.001
626|864.001
627|868.001
628|382.001
629|35.001
630|536.001
631|255.001
632|924.001
633|343.001
634|732.001
635|497.001
636|466.001
637|775.001
638|815.001
639|656.001
640|95.001
641|896.001
642|71.001
643|219.001
644|705.001
645|828.001
646|929.001
647|644.001
648|902.001
649|949.001
650|139.001
651|983.001
652|792.001
653|509.001
654|871.001
655|533.001
656|827.001
657|926.001
658|850.001
659|999.001
660|727.001
661|594.001
662|473.001
663|701.001
664|960.001
665|950.001
666|778.001
667|868.001
668|33.001
669|706.001
670|391.001
671|281.001
672|504.001
673|395.001
674|567.001
675|2.001
676|772.001
677|452.001
678|429.001
679|211.001
680|97.001
681|622.001
682|375.001
683|396.001
684|232.001
685|977.001
686|600.001
687|630.001
688|293.001
689|75.001
690|722.001
691|599.001
692|662.001
693|360.001
694|621.001
695|726.001
696|448.001
697|822.001
698|49.001
699|703.001
700|175.001
701|159.001
702|875.001
703|113.001
704|456.001
705|531.001
706|870.001
707|590.001
708|366.001
709|3.001
710|779.001
711|734.001
712|374.001
713|692.001
714|407.001
715|769.001
716|123.001
717|759.001
718|469.001
719|437.001
720|301.001
721|122.001
722|868.001
723|515.001
724|555.001
725|703.001
726|596.001
727|694.001
728|20.001
729|790.001
730|753.001
731|518.001
732|626.001
733|639.001
734|722.001
735|227.001
736|134.001
737|309.001
738|76.001
739|882.001
740|769.001
741|793.001
742|525.001
743|483.001
744|200.001
745|533.001
746|750.001
747|512.001
748|834.001
749|843.001
750|770.001
751|649.001
752|474.001
753|224.001
754|541.001
755|823.001
756|340.001
757|608.001
758|267.001
759|616.001
760|607.001
761|406.001
762|887.001
763|964.001
764|622.001
765|702.001
766|426.001
767|418.001
768|920.001
769|170.001
770|426.001
771|784.001
772|506.001
773|931.001
774|421.001
775|840.001
776|367.001
777|133.001
778|788.001
779|660.001
780|434.001
781|969.001
782|628.001
783|519.001
784|401.001
785|950.001
786|207.001
787|228.001
788|882.001
789|147.001
790|134.001
791|336.001
792|731.001
793|933.001
794|609.001
795|499.001
796|498.001
797|35.001
798|451.001
799|332.001
800|585.001
801|485.001
802|24.001
803|927.001
804|888.001
805|376.001
806|419.001
807|877.001
808|378.001
809|617.001
810|419.001
811|879.001
812|344.001
813|610.001
814|193.001
815|980.001
816|697.001
817|586.001
818|786.001
819|355.001
820|253.001
821|440.001
822|501.001
823|195.001
824|838.001
825|305.001
826|619.001
827|987.001
828|159.001
829|342.001
830|256.001
831|685.001
832|229.001
833|877.001
834|505.001
835|259.001
836|670.001
837|378.001
838|973.001
839|550.001
840|155.001
841|7.001
842|137.001
843|927.001
844|238.001
845|718.001
846|754.001
847|973.001
848|415.001
849|371.001
850|284.001
851|44.001
852|84.001
853|463.001
854|19.001
855|312.001
856|593.001
857|514.001
858|404.001
859|457.001
860|744.001
861|768.001
862|130.001
863|265.001
864|482.001
865|37.001
866|277.001
867|276.001
868|452.001
869|20.001
870|125.001
871|2.001
872|456.001
873|684.001
874|766.001
875|92.001
876|643.001
877|781.001
878|237.001
879|209.001
880|476.001
881|396.001
882|621.001
883|911.001
884|30.001
885|880.001
886|291.001
887|524.001
888|466.001
889|970.001
890|162.001
891|554.001
892|41.001
893|638.001
894|985.001
895|494.001
896|452.001
897|197.001
898|161.001
899|337.001
900|871.001
901|210.001
902|659.001
903|582.001
904|491.001
905|121.001
906|793.001
907|946.001
908|778.001
909|498.001
910|889.001
911|83.001
912|17.001
913|424.001
914|506.001
915|34.001
916|734.001
917|773.001
918|762.001
919|711.001
920|308.001
921|187.001
922|352.001
923|545.001
924|182.001
925|675.001
926|495.001
927|600.001
928|883.001
929|76.001
930|545.001
931|934.001
932|133.001
933|691.001
934|87.001
935|473.001
936|552.001
937|262.001
938|298.001
939|576.001
940|952.001
941|38.001
942|327.001
943|528.001
944|308.001
945|979.001
946|750.001
947|14.001
948|712.001
949|876.001
950|689.001
951|534.001
952|12.001
953|50.001
954|201.001
955|762.001
956|52.001
957|847.001
958|137.001
959|541.001
960|601.001
961|378.001
962|761.001
963|702.001
964|546.001
965|177.001
966|809.001
967|242.001
968|119.001
969|505.001
970|775.001
971|469.001
972|846.001
973|475.001
974|493.001
975|360.001
976|927.001
977|829.001
978|955.001
979|487.001
980|981.001
981|744.001
982|19.001
983|724.001
984|631.001
985|664.001
986|539.001
987|831.001
988|719.001
989|810.001
990|492.001
991|232.001
992|848.001
993|71.001
994|868.001
995|974.001
996|245.001
997|849.001
998|910.001
999|586.001
