1|616.001
2|156.001
3|997.001
4|643.001
5|171.001
6|761.001
7|912.001
8|655.001
9|461.001
10|122.001
11|984.001
12|987.001
13|162.001
14|443.001
15|101.001
16|178.001
17|107.001
18|734.001
19|637.001
20|517.001
21|113.001
22|201.001
23|753.001
24|250.001
25|507.001
26|837.001
27|180.001
28|870.001
29|988.001
30|522.001
31|507.001
32|489.001
33|773.001
34|786.001
35|748.001
36|651.001
37|572.001
38|273.001
39|129.001
40|999.001
41|254.001
42|419.001
43|377.001
44|372.001
45|398.001
46|133.001
47|270.001
48|884.001
49|297.001
50|281.001
51|937.001
52|859.001
53|428.001
54|989.001
55|57.001
56|70.001
57|510.001
58|577.001
59|195.001
60|81.001
61|397.001
62|131.001
63|997.001
64|951.001
65|458.001
66|782.001
67|422.001
68|521.001
69|174.001
70|357.001
71|133.001
72|187.001
73|19.001
74|906.001
75|308.001
76|456.001
77|657.001
78|656.001
79|392.001
80|131.001
81|479.001
82|878.001
83|124.001
84|318.001
85|842.001
86|517.001
87|568.001
88|932.001
89|885.001
90|912.001
91|114.001
92|0.001
93|3.001
94|467.001
95|238.001
96|988.001
97|126.001
98|965.001
99|652.001
100|994.001
101|440.001
102|635.001
103|960.001
104|955.001
105|173.001
106|293.001
107|131.001
108|863.001
109|256.001
110|638.001
111|249.001
112|15.001
113|893.001
114|257.001
115|400.001
116|76.001
117|90.001
118|690.001
119|974.001
120|476.001
121|148.001
122|930.001
123|322.001
124|550.001
125|262.001
126|453.001
127|904.001
128|982.001
129|541.001
130|343.001
131|309.001
132|781.001
133|522.001
134|777.001
135|726.001
136|269.001
137|471.001
138|792.001
139|860.001
140|783.001
141|658.001
142|268.001
143|327.001
144|323.001
145|815.001
146|647.001
147|749.001
148|498.001
149|440.001
150|764.001
151|531.001
152|466.001
153|333.001
154|685.001
155|805.001
156|141.001
157|29.001
158|329.001
159|642.001
160|836.001
161|977.001
162|297.001
163|660.001
164|194.001
165|481.001
166|858.001
167|141.001
168|949.001
169|752.001
170|987.001
171|160.001
172|948.001
173|439.001
174|958.001
175|809.001
176|62.001
177|691.001
178|447.001
179|924.001
180|442.001
181|454.001
182|252.001
183|662.001
184|717.001
185|279.001
186|268.001
187|877.001
188|353.001
189|301.001
190|446.001
191|595.001
192|923.001
193|130.001
194|958.001
195|582.001
196|30.001
197|111.001
198|932.001
199|979.001
200|918.001
201|673.001
202|933.001
203|242.001
204|468.001
205|801.001
206|575.001
207|569.001
208|707.001
209|597.001
210|744.001
211|431.001
212|755.001
213|604.001
214|461.001
215|94.001
216|828.001
217|410.001
218|580.001
219|414.001
220|232.001
221|286.001
222|230.001
223|902.001
224|765.001
225|548.001
226|651.001
227|635.001
228|226.001
229|137.001
230|7.001
231|729.001
232|638.001
233|885.001
234|269.001
235|374.001
236|744.001
237|404.001
238|742.001
239|953.001
240|849.001
241|948.001
242|26.001
243|796.001
244|469.001
245|645.001
246|39.001
247|658.001
248|358.001
249|57.001
250|326.001
251|937.001
252|594.001
253|764.001
254|714.001
255|210.001
256|982.001
257|174.001
258|23.001
259|119.001
260|88.001
261|191.001
262|301.001
263|378.001
264|802.001
265|550.001
266|770.001
267|603.001
268|651.001
269|252.001
270|831.001
271|350.001
272|575.001
273|120.001
274|239.001
275|189.001
276|976.001
277|915.001
278|188.001
279|53.001
280|58.001
281|749.001
282|119.001
283|62.001
284|328.001
285|399.001
286|328.001
287|846.001
288|743.001
289|702.001
290|49.001
291|42.001
292|702.001
293|189.001
294|149.001
295|289.001
296|620.001
297|854.001
298|796.001
299|755.001
300|227.001
301|152.001
302|826.001
303|223.001
304|161.001
305|397.001
306|600.001
307|745.001
308|525.001
309|812.001
310|439.001
311|119.001
312|191.001
313|640.001
314|505.001
315|76.001
316|55.001
317|834.001
318|746.001
319|711.001
320|509.001
321|70.001
322|528.001
323|853.001
324|876.001
325|139.001
326|996.001
327|725.001
328|886.001
329|380.001
330|421.001
331|990.001
332|694.001
333|487.001
334|188.001
335|317.001
336|827.001
337|600.001
338|768.001
339|126.001
340|125.001
341|758.001
342|379.001
343|828.001
344|614.001
345|746.001
346|836.001
347|579.001
348|507.001
349|70.001
350|341.001
351|816.001
352|862.001
353|644.001
354|747.001
355|957.001
356|29.001
357|45.001
358|723.001
359|241.001
360|122.001
361|690.001
362|622.001
363|705.001
364|298.001
365|102.001
366|947.001
367|576.001
368|631.001
369|702.001
370|929.001
371|989.001
372|733.001
373|141.001
374|58.001
375|103.001
376|836.001
377|803.001
378|661.001
379|830.001
380|453.001
381|969.001
382|508.001
383|13.001
384|182.001
385|655.001
386|95.001
387|278.001
388|388.001
389|940.001
390|784.001
391|89.001
392|326.001
393|121.001
394|285.001
395|274.001
396|58.001
397|120.001
398|150.001
399|97.001
400|59.001
401|203.001
402|406.001
403|603.001
404|211.001
405|95.001
406|112.001
407|50.001
408|328.001
409|310.001
410|798.001
411|309.001
412|712.001
413|942.001
414|679.001
415|187.001
416|651.001
417|164.001
418|881.001
419|328.001
420|712.001
421|525.001
422|284.001
423|361.001
424|594.001
425|347.001
426|248.001
427|305.001
428|910.001
429|317.001
430|70.001
431|324.001
432|373.001
433|153.001
434|376.001
435|351.001
436|863.001
437|633.001
438|491.001
439|759.001
440|665.001
441|664.001
442|427.001
443|716.001
444|87.001
445|893.001
446|45.001
447|316.001
448|313.001
449|198.001
450|295.001
451|110.001
452|545.001
453|137.001
454|428.001
455|786.001
456|248.001
457|531.001
458|847.001
459|642.001
460|981.001
461|787.001
462|388.001
463|74.001
464|223.001
465|930.001
466|719.001
467|339.001
468|458.001
469|727.001
470|914.001
471|200.001
472|892.001
473|468.001
474|175.001
475|164.001
476|608.001
477|656.001
478|36.001
479|13.001
480|65.001
481|539.001
482|915.001
483|878.001
484|303.001
485|630.001
486|174.001
487|16.001
488|516.001
489|898.001
490|108.001
491|805.001
492|703.001
493|859.001
494|65.001
495|111.001
496|933.001
497|489.001
498|403.001
499|234.001
500|668.001
501|414.001
502|510.001
503|659.001
504|500.001
505|511.001
506|127.001
507|630.001
508|717.001
509|886.001
510|120.001
511|205.001
512|67.001
513|633.001
514|893.001
515|511.001
516|416.001
517|794.001
518|146.001
519|274.001
520|451.001
521|660.001
522|456.001
523|107.001
524|956.001
525|298.001
526|957.001
527|140.001
528|228.001
529|653.001
530|689.001
531|895.001
532|377.001
533|316.001
534|829.001
535|412.001
536|254.001
537|90.001
538|898.001
539|823.001
540|149.001
541|818.001
542|737.001
543|863.001
544|838.001
545|822.001
546|720.001
547|12.001
548|619.001
549|796.001
550|281.001
551|748.001
552|87.001
553|373.001
554|596.001
555|247.001
556|261.001
557|603.001
558|676.001
559|821.001
560|550.001
561|316.001
562|244.001
563|439.001
564|401.001
565|649.001
566|609.001
567|515.001
568|141.001
569|515.001
570|909.001
571|510.001
572|303.001
573|973.001
574|384.001
575|703.001
576|323.001
577|84.001
578|575.001
579|312.001
580|436.001
581|673.001
582|425.001
583|160.001
584|382.001
585|129.001
586|539.001
587|6.001
588|836.001
589|483.001
590|162.001
591|273.001
592|222.001
593|389.001
594|106.001
595|548.001
596|115.001
597|853.001
598|732.001
599|190.001
600|903.001
601|608.001
602|758.001
603|953.001
604|301.001
605|383.001
606|962.001
607|699.001
608|298.001
609|388.001
610|167.001
611|406.001
612|618.001
613|458.001
614|521.001
615|484.001
616|210.001
617|358.001
618|369.001
619|298.001
620|620.001
621|111.001
622|188.001
623|176.001
624|758.001
625|645.001
626|511.001
627|349.001
628|299.001
629|451.001
630|786.001
631|57.001
632|369.001
633|588.001
634|430.001
635|342.001
636|398.001
637|294.001
638|388.001
639|382.001
640|776.001
641|889.001
642|650.001
643|369.001
644|680.001
645|925.001
646|509.001
647|478.001
648|749.001
649|127.001
650|661.001
651|229.001
652|284.001
653|519.001
654|38.001
655|949.001
656|606.001
657|102.001
658|318.001
659|482.001
660|140.001
661|159.001
662|977.001
663|848.001
664|308.001
665|750.001
666|268.001
667|510.001
668|603.001
669|634.001
670|206.001
671|976.001
672|165.001
673|864.001
674|24.001
675|238.001
676|44.001
677|563.001
678|561.001
679|314.001
680|959.001
681|555.001
682|879.001
683|671.001
684|137.001
685|649.001
686|619.001
687|254.001
688|881.001
689|477.001
690|759.001
691|582.001
692|376.001
693|876.001
694|155.001
695|165.001
696|735.001
697|626.001
698|238.001
699|354.001
700|668.001
701|964.001
702|763.001
703|818.001
704|912.001
705|613.001
706|270.001
707|461.001
708|390.001
709|970.001
710|364.001
711|328.001
712|654.001
713|594.001
714|691.001
715|986.001
716|879.001
717|768.001
718|761.001
719|139.001
720|634.001
721|961.001
722|654.001
723|45.001
724|583.001
725|508.001
726|110.001
727|205.001
728|606.001
729|321.001
730|299.001
731|80.001
732|852.001
733|844.001
734|923.001
735|462.001
736|943.001
737|38.001
738|821.001
739|856.001
740|688.001
741|543.001
742|675.001
743|553.001
744|833.001
745|389.001
746|550.001
747|825.001
748|259.001
749|450.001
750|727.001
751|154.001
752|693.001
753|339.001
754|296.001
755|865.001
756|634.001
757|634.001
758|500.001
759|466.001
760|669.001
761|491.001
762|737.001
763|136.001
764|821.001
765|747.001
766|643.001
767|519.001
768|928.001
769|586.001
770|11.001
771|421.001
772|358.001
773|250.001
774|775.001
775|305.001
776|78.001
777|937.001
778|418.001
779|595.001
780|302.001
781|504.001
782|236.001
783|944.001
784|882.001
785|684.001
786|94.001
787|240.001
788|575.001
789|891.001
790|197.001
791|565.001
792|979.001
793|371.001
794|830.001
795|588.001
796|625.001
797|180.001
798|588.001
799|438.001
800|217.001
801|638.001
802|943.001
803|972.001
804|638.001
805|782.001
806|359.001
807|387.001
808|134.001
809|971.001
810|525.001
811|322.001
812|73.001
813|778.001
814|368.001
815|804.001
816|738.001
817|103.001
818|22.001
819|388.001
820|742.001
821|227.001
822|341.001
823|977.001
824|688.001
825|753.001
826|70.001
827|499.001
828|405.001
829|828.001
830|954.001
831|979.001
832|218.001
833|164.001
834|607.001
835|985.001
836|735.001
837|911.001
838|528.001
839|854.001
840|228.001
841|176.001
842|310.001
843|748.001
844|246.001
845|792.001
846|427.001
847|358.001
848|374.001
849|716.001
850|879.001
851|175.001
852|634.001
853|157.001
854|592.001
855|48.001
856|103.001
857|617.001
858|325.001
859|346.001
860|331.001
861|167.001
862|851.001
863|436.001
864|558.001
865|405.001
866|233.001
867|527.001
868|170.001
869|452.001
870|946.001
871|279.001
872|858.001
873|925.001
874|26.001
875|95.001
876|824.001
877|104.001
878|561.001
879|237.001
880|48.001
881|709.001
882|842.001
883|690.001
884|333.001
885|712.001
886|110.001
887|180.001
888|284.001
889|942.001
890|457.001
891|10.001
892|494.001
893|931.001
894|655.001
895|875.001
896|315.001
897|892.001
898|737.001
899|119.001
900|499.001
901|210.001
902|443.001
903|288.001
904|130.001
905|287.001
906|345.001
907|429.001
908|696.001
909|315.001
910|823.001
911|77.001
912|143.001
913|757.001
914|680.001
915|410.001
916|93.001
917|913.001
918|808.001
919|247.001
920|574.001
921|888.001
922|480.001
923|476.001
924|944.001
925|440.001
926|2.001
927|476.001
928|239.001
929|519.001
930|235.001
931|206.001
932|915.001
933|919.001
934|432.001
935|750.001
936|120.001
937|304.001
938|523.001
939|892.001
940|298.001
941|293.001
942|674.001
943|512.001
944|293.001
945|804.001
946|980.001
947|11.001
948|147.001
949|449.001
950|386.001
951|161.001
952|170.001
953|541.001
954|311.001
955|8.001
956|965.001
957|974.001
958|359.001
959|757.001
960|792.001
961|956.001
962|678.001
963|805.001
964|414.001
965|364.001
966|423.001
967|815.001
968|889.001
969|658.001
970|465.001
971|779.001
972|401.001
973|63.001
974|498.001
975|798.001
976|990.001
977|219.001
978|548.001
979|848.001
980|504.001
981|543.001
982|758.001
983|61.001
984|205.001
985|781.001
986|505.001
987|186.001
988|909.001
989|270.001
990|350.001
991|85.001
992|661.001
993|938.001
994|112.001
995|213.001
996|823.001
997|511.001
998|569.001
999|364.001
