1|648.001
2|543.001
3|457.001
4|335.001
5|660.001
6|596.001
7|883.001
8|954.001
9|833.001
10|649.001
11|455.001
12|246.001
13|290.001
14|106.001
15|496.001
16|781.001
17|161.001
18|880.001
19|44.001
20|783.001
21|826.001
22|28.001
23|509.001
24|933.001
25|458.001
26|277.001
27|574.001
28|381.001
29|454.001
30|46.001
31|523.001
32|682.001
33|588.001
34|845.001
35|518.001
36|891.001
37|845.001
38|316.001
39|424.001
40|581.001
41|72.001
42|44.001
43|176.001
44|107.001
45|475.001
46|625.001
47|489.001
48|15.001
49|519.001
50|985.001
51|548.001
52|126.001
53|361.001
54|375.001
55|182.001
56|765.001
57|926.001
58|33.001
59|988.001
60|122.001
61|429.001
62|323.001
63|201.001
64|990.001
65|445.001
66|863.001
67|191.001
68|367.001
69|208.001
70|23.001
71|699.001
72|588.001
73|928.001
74|171.001
75|371.001
76|605.001
77|739.001
78|24.001
79|341.001
80|422.001
81|79.001
82|751.001
83|218.001
84|446.001
85|942.001
86|753.001
87|794.001
88|77.001
89|425.001
90|50.001
91|710.001
92|481.001
93|972.001
94|413.001
95|228.001
96|863.001
97|39.001
98|381.001
99|921.001
100|940.001
101|771.001
102|121.001
103|967.001
104|626.001
105|297.001
106|693.001
107|584.001
108|274.001
109|466.001
110|552.001
111|156.001
112|514.001
113|134.001
114|31.001
115|511.001
116|500.001
117|9.001
118|21.001
119|896.001
120|242.001
121|264.001
122|480.001
123|402.001
124|125.001
125|100.001
126|694.001
127|924.001
128|465.001
129|222.001
130|725.001
131|248.001
132|370.001
133|110.001
134|157.001
135|156.001
136|521.001
137|532.001
138|946.001
139|262.001
140|254.001
141|747.001
142|736.001
143|643.001
144|285.001
145|46.001
146|161.001
147|155.001
148|744.001
149|473.001
150|51.001
151|475.001
152|387.001
153|119.001
154|705.001
155|440.001
156|90.001
157|841.001
158|930.001
159|339.001
160|448.001
161|681.001
162|547.001
163|265.001
164|622.001
165|398.001
166|406.001
167|162.001
168|836.001
169|393.001
170|472.001
171|768.001
172|107.001
173|990.001
174|536.001
175|334.001
176|260.001
177|622.001
178|164.001
179|341.001
180|94.001
181|512.001
182|395.001
183|526.001
184|927.001
185|466.001
186|981.001
187|900.001
188|868.001
189|320.001
190|484.001
191|794.001
192|258.001
193|422.001
194|570.001
195|304.001
196|240.001
197|473.001
198|316.001
199|864.001
200|32.001
201|762.001
202|318.001
203|432.001
204|980.001
205|880.001
206|344.001
207|584.001
208|129.001
209|915.001
210|737.001
211|402.001
212|939.001
213|987.001
214|494.001
215|780.001
216|543.001
217|751.001
218|152.001
219|236.001
220|741.001
221|444.001
222|482.001
223|269.001
224|156.001
225|781.001
226|514.001
227|577.001
228|268.001
229|380.001
230|695.001
231|241.001
232|884.001
233|69.001
234|122.001
235|71.001
236|992.001
237|22.001
238|70.001
239|779.001
240|188.001
241|557.001
242|115.001
243|732.001
244|101.001
245|105.001
246|255.001
247|881.001
248|467.001
249|64.001
250|735.001
251|491.001
252|699.001
253|291.001
254|72.001
255|13.001
256|762.001
257|938.001
258|139.001
259|136.001
260|45.001
261|730.001
262|459.001
263|909.001
264|136.001
265|520.001
266|686.001
267|141.001
268|73.001
269|531.001
270|56.001
271|52.001
272|331.001
273|353.001
274|406.001
275|266.001
276|323.001
277|267.001
278|714.001
279|177.001
280|522.001
281|384.001
282|246.001
283|125.001
284|146.001
285|904.001
286|608.001
287|426.001
288|864.001
289|376.001
290|134.001
291|661.001
292|491.001
293|129.001
294|792.001
295|86.001
296|254.001
297|215.001
298|598.001
299|137.001
300|468.001
301|370.001
302|540.001
303|755.001
304|520.001
305|283.001
306|152.001
307|294.001
308|994.001
309|848.001
310|117.001
311|931.001
312|331.001
313|325.001
314|793.001
315|602.001
316|130.001
317|362.001
318|324.001
319|905.001
320|902.001
321|798.001
322|183.001
323|336.001
324|287.001
325|873.001
326|261.001
327|857.001
328|255.001
329|368.001
330|86.001
331|160.001
332|330.001
333|435.001
334|627.001
335|466.001
336|312.001
337|109.001
338|801.001
339|759.001
340|246.001
341|826.001
342|170.001
343|281.001
344|656.001
345|750.001
346|279.001
347|554.001
348|490.001
349|55.001
350|801.001
351|39.001
352|529.001
353|84.001
354|242.001
355|677.001
356|536.001
357|596.001
358|224.001
359|525.001
360|407.001
361|885.001
362|949.001
363|657.001
364|257.001
365|915.001
366|877.001
367|349.001
368|133.001
369|372.001
370|510.001
371|840.001
372|515.001
373|700.001
374|187.001
375|106.001
376|356.001
377|882.001
378|530.001
379|576.001
380|73.001
381|255.001
382|528.001
383|628.001
384|144.001
385|347.001
386|35.001
387|933.001
388|823.001
389|575.001
390|328.001
391|380.001
392|992.001
393|677.001
394|988.001
395|472.001
396|848.001
397|275.001
398|292.001
399|87.001
400|330.001
401|61.001
402|100.001
403|899.001
404|558.001
405|21.001
406|182.001
407|507.001
408|319.001
409|670.001
410|958.001
411|481.001
412|103.001
413|448.001
414|869.001
415|391.001
416|136.001
417|39.001
418|625.001
419|972.001
420|52.001
421|775.001
422|146.001
423|211.001
424|992.001
425|379.001
426|428.001
427|757.001
428|562.001
429|819.001
430|349.001
431|458.001
432|395.001
433|929.001
434|111.001
435|682.001
436|11.001
437|937.001
438|726.001
439|122.001
440|594.001
441|62.001
442|600.001
443|411.001
444|322.001
445|915.001
446|437.001
447|218.001
448|110.001
449|788.001
450|366.001
451|550.001
452|786.001
453|818.001
454|136.001
455|370.001
456|259.001
457|983.001
458|883.001
459|163.001
460|902.001
461|13.001
462|616.001
463|200.001
464|317.001
465|606.001
466|394.001
467|888.001
468|635.001
469|912.001
470|543.001
471|798.001
472|301.001
473|643.001
474|656.001
475|517.001
476|288.001
477|214.001
478|483.001
479|153.001
480|539.001
481|469.001
482|502.001
483|293.001
484|284.001
485|769.001
486|183.001
487|209.001
488|849.001
489|62.001
490|939.001
491|131.001
492|476.001
493|538.001
494|681.001
495|918.001
496|334.001
497|195.001
498|681.001
499|319.001
500|753.001
501|285.001
502|938.001
503|116.001
504|736.001
505|235.001
506|163.001
507|203.001
508|156.001
509|7.001
510|938.001
511|800.001
512|35.001
513|176.001
514|75.001
515|679.001
516|872.001
517|122.001
518|293.001
519|5.001
520|420.001
521|301.001
522|188.001
523|534.001
524|650.001
525|207.001
526|911.001
527|133.001
528|163.001
529|846.001
530|950.001
531|391.001
532|563.001
533|380.001
534|880.001
535|911.001
536|789.001
537|836.001
538|984.001
539|111.001
540|53.001
541|477.001
542|624.001
543|769.001
544|919.001
545|211.001
546|573.001
547|739.001
548|337.001
549|611.001
550|276.001
551|635.001
552|564.001
553|51.001
554|802.001
555|561.001
556|409.001
557|492.001
558|55.001
559|299.001
560|133.001
561|624.001
562|647.001
563|154.001
564|174.001
565|939.001
566|256.001
567|590.001
568|908.001
569|844.001
570|288.001
571|456.001
572|797.001
573|405.001
574|841.001
575|379.001
576|440.001
577|830.001
578|243.001
579|32.001
580|79.001
581|538.001
582|692.001
583|82.001
584|539.001
585|57.001
586|749.001
587|963.001
588|253.001
589|363.001
590|629.001
591|308.001
592|845.001
593|10.001
594|462.001
595|126.001
596|202.001
597|321.001
598|509.001
599|987.001
600|550.001
601|873.001
602|635.001
603|559.001
604|983.001
605|43.001
606|919.001
607|761.001
608|163.001
609|829.001
610|261.001
611|480.001
612|892.001
613|819.001
614|291.001
615|389.001
616|28.001
617|418.001
618|723.001
619|3.001
620|983.001
621|386.001
622|559.001
623|586.001
624|280.001
625|91.001
626|374.001
627|313.001
628|601.001
629|424.001
630|702.001
631|443.001
632|965.001
633|21.001
634|679.001
635|435.001
636|740.001
637|573.001
638|388.001
639|163.001
640|864.001
641|908.001
642|340.001
643|389.001
644|318.001
645|329.001
646|502.001
647|850.001
648|502.001
649|438.001
650|662.001
651|845.001
652|156.001
653|360.001
654|28.001
655|12.001
656|478.001
657|0.001
658|513.001
659|936.001
660|470.001
661|969.001
662|357.001
663|893.001
664|670.001
665|885.001
666|795.001
667|76.001
668|349.001
669|627.001
670|147.001
671|505.001
672|292.001
673|569.001
674|34.001
675|208.001
676|163.001
677|485.001
678|474.001
679|136.001
680|164.001
681|719.001
682|906.001
683|549.001
684|46.001
685|37.001
686|733.001
687|721.001
688|758.001
689|614.001
690|646.001
691|162.001
692|152.001
693|205.001
694|59.001
695|286.001
696|259.001
697|229.001
698|347.001
699|456.001
700|357.001
701|199.001
702|678.001
703|426.001
704|324.001
705|558.001
706|387.001
707|504.001
708|776.001
709|63.001
710|125.001
711|890.001
712|890.001
713|628.001
714|454.001
715|2.001
716|566.001
717|955.001
718|270.001
719|740.001
720|842.001
721|531.001
722|781.001
723|73.001
724|271.001
725|866.001
726|395.001
727|824.001
728|475.001
729|297.001
730|571.001
731|720.001
732|595.001
733|679.001
734|490.001
735|901.001
736|869.001
737|602.001
738|42.001
739|612.001
740|63.001
741|65.001
742|485.001
743|620.001
744|76.001
745|135.001
746|929.001
747|401.001
748|826.001
749|73.001
750|810.001
751|560.001
752|438.001
753|159.001
754|719.001
755|524.001
756|979.001
757|416.001
758|487.001
759|774.001
760|947.001
761|793.001
762|921.001
763|298.001
764|122.001
765|227.001
766|500.001
767|624.001
768|300.001
769|823.001
770|518.001
771|69.001
772|142.001
773|984.001
774|556.001
775|157.001
776|291.001
777|455.001
778|30.001
779|727.001
780|176.001
781|225.001
782|754.001
783|120.001
784|206.001
785|901.001
786|584.001
787|407.001
788|294.001
789|193.001
790|524.001
791|600.001
792|154.001
793|866.001
794|604.001
795|429.001
796|76.001
797|459.001
798|503.001
799|69.001
800|572.001
801|634.001
802|85.001
803|468.001
804|672.001
805|949.001
806|543.001
807|14.001
808|22.001
809|402.001
810|809.001
811|154.001
812|552.001
813|395.001
814|899.001
815|109.001
816|538.001
817|225.001
818|589.001
819|225.001
820|451.001
821|221.001
822|9.001
823|310.001
824|117.001
825|80.001
826|927.001
827|646.001
828|683.001
829|495.001
830|94.001
831|195.001
832|879.001
833|130.001
834|199.001
835|607.001
836|867.001
837|380.001
838|65.001
839|456.001
840|723.001
841|350.001
842|710.001
843|30.001
844|921.001
845|831.001
846|33.001
847|3.001
848|391.001
849|886.001
850|993.001
851|500.001
852|118.001
853|350.001
854|245.001
855|710.001
856|982.001
857|449.001
858|558.001
859|515.001
860|142.001
861|965.001
862|709.001
863|871.001
864|546.001
865|993.001
866|252.001
867|595.001
868|732.001
869|617.001
870|888.001
871|492.001
872|638.001
873|671.001
874|911.001
875|414.001
876|835.001
877|738.001
878|23.001
879|14.001
880|290.001
881|370.001
882|207.001
883|963.001
884|52.001
885|212.001
886|889.001
887|155.001
888|976.001
889|409.001
890|837.001
891|484.001
892|951.001
893|249.001
894|874.001
895|95.001
896|301.001
897|6.001
898|605.001
899|244.001
900|913.001
901|14.001
902|741.001
903|102.001
904|448.001
905|415.001
906|633.001
907|568.001
908|516.001
909|93.001
910|308.001
911|662.001
912|843.001
913|2.001
914|963.001
915|235.001
916|598.001
917|627.001
918|843.001
919|669.001
920|482.001
921|35.001
922|43.001
923|952.001
924|934.001
925|960.001
926|981.001
927|213.001
928|440.001
929|771.001
930|40.001
931|977.001
932|923.001
933|400.001
934|188.001
935|422.001
936|6.001
937|720.001
938|391.001
939|352.001
940|539.001
941|873.001
942|720.001
943|822.001
944|394.001
945|151.001
946|412.001
947|946.001
948|550.001
949|547.001
950|279.001
951|480.001
952|996.001
953|787.001
954|282.001
955|271.001
956|101.001
957|255.001
958|632.001
959|781.001
960|131.001
961|539.001
962|38.001
963|227.001
964|551.001
965|691.001
966|241.001
967|601.001
968|603.001
969|193.001
970|736.001
971|708.001
972|757.001
973|443.001
974|340.001
975|500.001
976|461.001
977|689.001
978|384.001
979|309.001
980|114.001
981|814.001
982|952.001
983|213.001
984|752.001
985|947.001
986|554.001
987|751.001
988|17.001
989|357.001
990|536.001
991|549.001
992|588.001
993|462.001
994|725.001
995|640.001
996|577.001
997|675.001
998|704.001
999|99.001
