1|255.001
2|121.001
3|926.001
4|562.001
5|557.001
6|964.001
7|227.001
8|120.001
9|258.001
10|777.001
11|236.001
12|907.001
13|263.001
14|502.001
15|19.001
16|832.001
17|226.001
18|974.001
19|673.001
20|371.001
21|398.001
22|408.001
23|20.001
24|632.001
25|849.001
26|609.001
27|399.001
28|909.001
29|795.001
30|537.001
31|838.001
32|196.001
33|733.001
34|395.001
35|900.001
36|586.001
37|167.001
38|79.001
39|829.001
40|125.001
41|45.001
42|823.001
43|759.001
44|240.001
45|14.001
46|579.001
47|983.001
48|739.001
49|78.001
50|995.001
51|910.001
52|319.001
53|810.001
54|963.001
55|663.001
56|85.001
57|283.001
58|599.001
59|558.001
60|497.001
61|214.001
62|882.001
63|645.001
64|54.001
65|144.001
66|496.001
67|793.001
68|696.001
69|88.001
70|402.001
71|459.001
72|880.001
73|499.001
74|649.001
75|476.001
76|227.001
77|192.001
78|320.001
79|102.001
80|681.001
81|514.001
82|577.001
83|138.001
84|695.001
85|580.001
86|292.001
87|881.001
88|95.001
89|307.001
90|920.001
91|293.001
92|281.001
93|125.001
94|177.001
95|82.001
96|122.001
97|80.001
98|556.001
99|980.001
100|970.001
101|335.001
102|690.001
103|885.001
104|950.001
105|749.001
106|780.001
107|413.001
108|936.001
109|68.001
110|417.001
111|968.001
112|996.001
113|671.001
114|468.001
115|35.001
116|304.001
117|892.001
118|476.001
119|616.001
120|584.001
121|292.001
122|532.001
123|261.001
124|857.001
125|215.001
126|368.001
127|211.001
128|677.001
129|901.001
130|407.001
131|603.001
132|379.001
133|155.001
134|74.001
135|125.001
136|417.001
137|853.001
138|824.001
139|160.001
140|353.001
141|190.001
142|348.001
143|15.001
144|344.001
145|942.001
146|688.001
147|564.001
148|32.001
149|183.001
150|268.001
151|589.001
152|431.001
153|838.001
154|268.001
155|660.001
156|472.001
157|812.001
158|71.001
159|907.001
160|552.001
161|223.001
162|188.001
163|366.001
164|821.001
165|207.001
166|61.001
167|287.001
168|385.001
169|65.001
170|70.001
171|625.001
172|681.001
173|68.001
174|767.001
175|429.001
176|758.001
177|759.001
178|284.001
179|559.001
180|492.001
181|625.001
182|593.001
183|97.001
184|38.001
185|718.001
186|470.001
187|675.001
188|602.001
189|448.001
190|23.001
191|711.001
192|841.001
193|170.001
194|282.001
195|501.001
196|445.001
197|866.001
198|915.001
199|988.001
200|795.001
201|320.001
202|226.001
203|678.001
204|478.001
205|772.001
206|696.001
207|602.001
208|567.001
209|972.001
210|205.001
211|495.001
212|824.001
213|509.001
214|543.001
215|907.001
216|129.001
217|749.001
218|546.001
219|148.001
220|426.001
221|356.001
222|301.001
223|967.001
224|686.001
225|326.001
226|817.001
227|908.001
228|60.001
229|171.001
230|174.001
231|695.001
232|256.001
233|446.001
234|584.001
235|388.001
236|224.001
237|93.001
238|500.001
239|362.001
240|732.001
241|419.001
242|129.001
243|626.001
244|131.001
245|939.001
246|85.001
247|739.001
248|160.001
249|405.001
250|164.001
251|575.001
252|397.001
253|447.001
254|957.001
255|432.001
256|449.001
257|297.001
258|36.001
259|46.001
260|973.001
261|276.001
262|629.001
263|340.001
264|854.001
265|525.001
266|304.001
267|28.001
268|296.001
269|375.001
270|945.001
271|998.001
272|719.001
273|129.001
274|234.001
275|974.001
276|363.001
277|561.001
278|337.001
279|208.001
280|344.001
281|724.001
282|304.001
283|496.001
284|992.001
285|136.001
286|886.001
287|877.001
288|829.001
289|886.001
290|626.001
291|229.001
292|339.001
293|42.001
294|169.001
295|598.001
296|339.001
297|376.001
298|957.001
299|889.001
300|978.001
301|549.001
302|25.001
303|611.001
304|58.001
305|29.001
306|952.001
307|501.001
308|222.001
309|315.001
310|731.001
311|580.001
312|954.001
313|952.001
314|576.001
315|220.001
316|879.001
317|767.001
318|683.001
319|225.001
320|528.001
321|429.001
322|998.001
323|293.001
324|148.001
325|119.001
326|201.001
327|260.001
328|875.001
329|190.001
330|176.001
331|731.001
332|445.001
333|535.001
334|454.001
335|852.001
336|124.001
337|746.001
338|729.001
339|984.001
340|151.001
341|925.001
342|485.001
343|849.001
344|18.001
345|762.001
346|107.001
347|462.001
348|548.001
349|575.001
350|247.001
351|189.001
352|989.001
353|264.001
354|732.001
355|526.001
356|880.001
357|622.001
358|765.001
359|930.001
360|568.001
361|357.001
362|676.001
363|328.001
364|99.001
365|62.001
366|619.001
367|549.001
368|437.001
369|791.001
370|774.001
371|27.001
372|635.001
373|16.001
374|214.001
375|480.001
376|463.001
377|925.001
378|286.001
379|689.001
380|137.001
381|78.001
382|415.001
383|229.001
384|75.001
385|45.001
386|719.001
387|943.001
388|379.001
389|190.001
390|137.001
391|571.001
392|350.001
393|265.001
394|19.001
395|477.001
396|355.001
397|545.001
398|214.001
399|544.001
400|736.001
401|227.001
402|402.001
403|515.001
404|468.001
405|236.001
406|15.001
407|352.001
408|936.001
409|915.001
410|662.001
411|310.001
412|377.001
413|603.001
414|864.001
415|77.001
416|671.001
417|584.001
418|631.001
419|832.001
420|838.001
421|321.001
422|170.001
423|553.001
424|464.001
425|190.001
426|481.001
427|110.001
428|117.001
429|261.001
430|993.001
431|419.001
432|924.001
433|109.001
434|940.001
435|899.001
436|746.001
437|926.001
438|144.001
439|995.001
440|771.001
441|603.001
442|114.001
443|874.001
444|156.001
445|741.001
446|822.001
447|286.001
448|37.001
449|886.001
450|291.001
451|253.001
452|868.001
453|113.001
454|118.001
455|338.001
456|319.001
457|227.001
458|704.001
459|952.001
460|708.001
461|310.001
462|290.001
463|64.001
464|862.001
465|737.001
466|933.001
467|995.001
468|95.001
469|13.001
470|346.001
471|951.001
472|905.001
473|678.001
474|983.001
475|768.001
476|552.001
477|630.001
478|190.001
479|782.001
480|917.001
481|22.001
482|695.001
483|58.001
484|532.001
485|819.001
486|722.001
487|672.001
488|932.001
489|951.001
490|91.001
491|162.001
492|921.001
493|235.001
494|153.001
495|641.001
496|326.001
497|377.001
498|654.001
499|686.001
500|668.001
501|66.001
502|346.001
503|239.001
504|451.001
505|319.001
506|371.001
507|921.001
508|174.001
509|377.001
510|568.001
511|175.001
512|438.001
513|467.001
514|78.001
515|359.001
516|567.001
517|933.001
518|290.001
519|832.001
520|648.001
521|546.001
522|390.001
523|189.001
524|985.001
525|471.001
526|92.001
527|964.001
528|36.001
529|423.001
530|759.001
531|256.001
532|421.001
533|95.001
534|111.001
535|441.001
536|614.001
537|543.001
538|979.001
539|311.001
540|860.001
541|761.001
542|704.001
543|437.001
544|620.001
545|702.001
546|161.001
547|650.001
548|608.001
549|258.001
550|792.001
551|766.001
552|792.001
553|722.001
554|756.001
555|337.001
556|731.001
557|326.001
558|98.001
559|683.001
560|812.001
561|837.001
562|260.001
563|746.001
564|949.001
565|293.001
566|811.001
567|86.001
568|795.001
569|123.001
570|18.001
571|98.001
572|0.001
573|36.001
574|401.001
575|454.001
576|597.001
577|769.001
578|837.001
579|450.001
580|235.001
581|337.001
582|109.001
583|465.001
584|303.001
585|386.001
586|565.001
587|633.001
588|18.001
589|922.001
590|30.001
591|234.001
592|462.001
593|379.001
594|511.001
595|10.001
596|192.001
597|585.001
598|156.001
599|150.001
600|298.001
601|274.001
602|560.001
603|446.001
604|128.001
605|635.001
606|813.001
607|38.001
608|32.001
609|708.001
610|126.001
611|245.001
612|638.001
613|184.001
614|610.001
615|857.001
616|569.001
617|224.001
618|752.001
619|440.001
620|88.001
621|802.001
622|492.001
623|830.001
624|169.001
625|663.001
626|47.001
627|282.001
628|413.001
629|738.001
630|619.001
631|623.001
632|336.001
633|532.001
634|136.001
635|747.001
636|739.001
637|473.001
638|517.001
639|521.001
640|795.001
641|538.001
642|717.001
643|753.001
644|860.001
645|882.001
646|922.001
647|295.001
648|989.001
649|373.001
650|200.001
651|683.001
652|83.001
653|599.001
654|280.001
655|456.001
656|802.001
657|142.001
658|986.001
659|825.001
660|716.001
661|416.001
662|351.001
663|411.001
664|434.001
665|508.001
666|835.001
667|539.001
668|886.001
669|557.001
670|81.001
671|181.001
672|238.001
673|506.001
674|609.001
675|29.001
676|91.001
677|555.001
678|106.001
679|597.001
680|262.001
681|207.001
682|253.001
683|388.001
684|373.001
685|750.001
686|131.001
687|64.001
688|214.001
689|985.001
690|729.001
691|106.001
692|355.001
693|191.001
694|839.001
695|316.001
696|353.001
697|767.001
698|824.001
699|191.001
700|893.001
701|896.001
702|476.001
703|648.001
704|716.001
705|630.001
706|12.001
707|429.001
708|773.001
709|386.001
710|285.001
711|653.001
712|804.001
713|172.001
714|140.001
715|32.001
716|548.001
717|34.001
718|229.001
719|495.001
720|70.001
721|702.001
722|369.001
723|245.001
724|547.001
725|826.001
726|215.001
727|782.001
728|718.001
729|123.001
730|613.001
731|250.001
732|487.001
733|634.001
734|368.001
735|462.001
736|717.001
737|506.001
738|554.001
739|209.001
740|480.001
741|77.001
742|629.001
743|7.001
744|43.001
745|431.001
746|132.001
747|882.001
748|616.001
749|985.001
750|665.001
751|745.001
752|148.001
753|843.001
754|57.001
755|63.001
756|186.001
757|103.001
758|390.001
759|912.001
760|664.001
761|72.001
762|949.001
763|7.001
764|221.001
765|719.001
766|696.001
767|298.001
768|923.001
769|228.001
770|54.001
771|454.001
772|829.001
773|365.001
774|300.001
775|288.001
776|695.001
777|828.001
778|485.001
779|889.001
780|174.001
781|601.001
782|193.001
783|677.001
784|516.001
785|954.001
786|90.001
787|376.001
788|347.001
789|203.001
790|700.001
791|620.001
792|924.001
793|387.001
794|615.001
795|344.001
796|320.001
797|196.001
798|204.001
799|919.001
800|239.001
801|689.001
802|708.001
803|809.001
804|491.001
805|118.001
806|994.001
807|69.001
808|388.001
809|846.001
810|828.001
811|40.001
812|960.001
813|632.001
814|315.001
815|688.001
816|952.001
817|101.001
818|855.001
819|94.001
820|409.001
821|901.001
822|982.001
823|409.001
824|210.001
825|171.001
826|53.001
827|648.001
828|40.001
829|886.001
830|413.001
831|646.001
832|734.001
833|405.001
834|911.001
835|682.001
836|160.001
837|114.001
838|181.001
839|160.001
840|701.001
841|142.001
842|631.001
843|660.001
844|456.001
845|666.001
846|610.001
847|805.001
848|521.001
849|273.001
850|463.001
851|137.001
852|407.001
853|340.001
854|341.001
855|581.001
856|933.001
857|279.001
858|179.001
859|46.001
860|761.001
861|910.001
862|233.001
863|858.001
864|573.001
865|221.001
866|100.001
867|163.001
868|894.001
869|119.001
870|579.001
871|2.001
872|682.001
873|418.001
874|34.001
875|359.001
876|542.001
877|917.001
878|789.001
879|485.001
880|487.001
881|673.001
882|70.001
883|213.001
884|894.001
885|935.001
886|233.001
887|979.001
888|918.001
889|933.001
890|935.001
891|914.001
892|14.001
893|18.001
894|454.001
895|674.001
896|123.001
897|61.001
898|632.001
899|312.001
900|261.001
901|677.001
902|966.001
903|776.001
904|543.001
905|137.001
906|123.001
907|358.001
908|613.001
909|664.001
910|465.001
911|328.001
912|303.001
913|215.001
914|383.001
915|354.001
916|377.001
917|246.001
918|183.001
919|48.001
920|91.001
921|486.001
922|30.001
923|336.001
924|937.001
925|583.001
926|385.001
927|787.001
928|282.001
929|421.001
930|808.001
931|432.001
932|913.001
933|114.001
934|536.001
935|194.001
936|643.001
937|814.001
938|368.001
939|487.001
940|613.001
941|695.001
942|952.001
943|698.001
944|658.001
945|334.001
946|65.001
947|637.001
948|465.001
949|967.001
950|816.001
951|113.001
952|833.001
953|572.001
954|299.001
955|573.001
956|548.001
957|42.001
958|182.001
959|490.001
960|579.001
961|814.001
962|756.001
963|807.001
964|277.001
965|756.001
966|977.001
967|808.001
968|608.001
969|70.001
970|49.001
971|971.001
972|922.001
973|645.001
974|963.001
975|878.001
976|838.001
977|411.001
978|482.001
979|95.001
980|101.001
981|287.001
982|460.001
983|941.001
984|861.001
985|919.001
986|961.001
987|870.001
988|248.001
989|643.001
990|486.001
991|196.001
992|837.001
993|508.001
994|599.001
995|133.001
996|509.001
997|89.001
998|840.001
999|514.001
