1|285.001
2|735.001
3|144.001
4|407.001
5|252.001
6|526.001
7|300.001
8|721.001
9|924.001
10|168.001
11|102.001
12|104.001
13|608.001
14|656.001
15|273.001
16|580.001
17|537.001
18|82.001
19|27.001
20|992.001
21|40.001
22|114.001
23|667.001
24|194.001
25|618.001
26|226.001
27|952.001
28|787.001
29|991.001
30|838.001
31|630.001
32|493.001
33|499.001
34|398.001
35|766.001
36|755.001
37|971.001
38|897.001
39|792.001
40|293.001
41|673.001
42|70.001
43|257.001
44|42.001
45|747.001
46|102.001
47|156.001
48|480.001
49|908.001
50|589.001
51|359.001
52|625.001
53|912.001
54|987.001
55|881.001
56|7.001
57|801.001
58|373.001
59|285.001
60|174.001
61|920.001
62|414.001
63|576.001
64|893.001
65|464.001
66|400.001
67|854.001
68|23.001
69|552.001
70|91.001
71|316.001
72|929.001
73|447.001
74|462.001
75|806.001
76|75.001
77|323.001
78|366.001
79|389.001
80|267.001
81|819.001
82|451.001
83|195.001
84|489.001
85|824.001
86|658.001
87|355.001
88|987.001
89|220.001
90|399.001
91|433.001
92|922.001
93|900.001
94|316.001
95|510.001
96|744.001
97|425.001
98|381.001
99|999.001
100|607.001
101|70.001
102|25.001
103|454.001
104|59.001
105|819.001
106|931.001
107|437.001
108|898.001
109|952.001
110|786.001
111|670.001
112|786.001
113|301.001
114|997.001
115|831.001
116|262.001
117|353.001
118|650.001
119|3.001
120|983.001
121|653.001
122|56.001
123|273.001
124|358.001
125|188.001
126|28.001
127|266.001
128|184.001
129|462.001
130|176.001
131|995.001
132|912.001
133|490.001
134|944.001
135|439.001
136|778.001
137|340.001
138|84.001
139|903.001
140|967.001
141|626.001
142|900.001
143|899.001
144|74.001
145|750.001
146|568.001
147|409.001
148|57.001
149|797.001
150|836.001
151|154.001
152|814.001
153|230.001
154|114.001
155|816.001
156|772.001
157|566.001
158|583.001
159|387.001
160|883.001
161|650.001
162|192.001
163|478.001
164|986.001
165|831.001
166|942.001
167|280.001
168|263.001
169|184.001
170|184.001
171|157.001
172|239.001
173|792.001
174|715.001
175|68.001
176|135.001
177|694.001
178|213.001
179|552.001
180|522.001
181|16.001
182|311.001
183|521.001
184|993.001
185|635.001
186|5.001
187|903.001
188|794.001
189|638.001
190|329.001
191|202.001
192|283.001
193|615.001
194|673.001
195|310.001
196|745.001
197|225.001
198|779.001
199|678.001
200|897.001
201|143.001
202|130.001
203|568.001
204|643.001
205|40.001
206|336.001
207|242.001
208|365.001
209|965.001
210|644.001
211|282.001
212|937.001
213|431.001
214|147.001
215|433.001
216|819.001
217|10.001
218|193.001
219|272.001
220|653.001
221|852.001
222|216.001
223|902.001
224|585.001
225|65.001
226|465.001
227|400.001
228|609.001
229|732.001
230|712.001
231|540.001
232|261.001
233|47.001
234|347.001
235|265.001
236|60.001
237|132.001
238|278.001
239|503.001
240|589.001
241|749.001
242|440.001
243|716.001
244|436.001
245|304.001
246|835.001
247|552.001
248|78.001
249|497.001
250|738.001
251|102.001
252|171.001
253|644.001
254|10.001
255|316.001
256|799.001
257|600.001
258|60.001
259|378.001
260|761.001
261|117.001
262|696.001
263|10.001
264|85.001
265|632.001
266|970.001
267|589.001
268|223.001
269|561.001
270|156.001
271|950.001
272|367.001
273|556.001
274|111.001
275|102.001
276|990.001
277|885.001
278|450.001
279|812.001
280|3.001
281|219.001
282|557.001
283|517.001
284|203.001
285|505.001
286|724.001
287|787.001
288|177.001
289|243.001
290|116.001
291|68.001
292|350.001
293|671.001
294|991.001
295|309.001
296|527.001
297|455.001
298|658.001
299|610.001
300|657.001
301|708.001
302|173.001
303|321.001
304|887.001
305|509.001
306|920.001
307|391.001
308|259.001
309|722.001
310|109.001
311|453.001
312|34.001
313|292.001
314|284.001
315|221.001
316|519.001
317|776.001
318|678.001
319|110.001
320|784.001
321|714.001
322|98.001
323|945.001
324|262.001
325|424.001
326|92.001
327|501.001
328|810.001
329|765.001
330|462.001
331|822.001
332|576.001
333|950.001
334|619.001
335|874.001
336|702.001
337|733.001
338|454.001
339|312.001
340|52.001
341|999.001
342|64.001
343|953.001
344|237.001
345|480.001
346|130.001
347|204.001
348|83.001
349|654.001
350|234.001
351|842.001
352|397.001
353|452.001
354|990.001
355|700.001
356|711.001
357|581.001
358|800.001
359|701.001
360|937.001
361|575.001
362|870.001
363|391.001
364|51.001
365|951.001
366|505.001
367|627.001
368|738.001
369|613.001
370|952.001
371|194.001
372|233.001
373|636.001
374|716.001
375|686.001
376|630.001
377|626.001
378|160.001
379|216.001
380|696.001
381|830.001
382|409.001
383|173.001
384|861.001
385|581.001
386|830.001
387|923.001
388|194.001
389|490.001
390|109.001
391|563.001
392|114.001
393|45.001
394|720.001
395|162.001
396|691.001
397|157.001
398|474.001
399|918.001
400|791.001
401|805.001
402|6.001
403|947.001
404|662.001
405|88.001
406|40.001
407|700.001
408|48.001
409|509.001
410|16.001
411|114.001
412|415.001
413|367.001
414|505.001
415|620.001
416|343.001
417|200.001
418|497.001
419|520.001
420|696.001
421|18.001
422|870.001
423|752.001
424|873.001
425|138.001
426|649.001
427|985.001
428|788.001
429|819.001
430|163.001
431|123.001
432|725.001
433|168.001
434|367.001
435|768.001
436|707.001
437|209.001
438|695.001
439|390.001
440|88.001
441|215.001
442|830.001
443|371.001
444|516.001
445|884.001
446|104.001
447|72.001
448|725.001
449|413.001
450|971.001
451|829.001
452|33.001
453|247.001
454|777.001
455|619.001
456|842.001
457|589.001
458|21.001
459|136.001
460|519.001
461|63.001
462|984.001
463|458.001
464|886.001
465|846.001
466|144.001
467|43.001
468|331.001
469|670.001
470|444.001
471|113.001
472|622.001
473|346.001
474|696.001
475|681.001
476|433.001
477|152.001
478|570.001
479|406.001
480|983.001
481|980.001
482|60.001
483|385.001
484|993.001
485|727.001
486|75.001
487|534.001
488|273.001
489|259.001
490|22.001
491|247.001
492|291.001
493|578.001
494|242.001
495|400.001
496|809.001
497|600.001
498|986.001
499|280.001
500|513.001
501|923.001
502|30.001
503|563.001
504|783.001
505|583.001
506|854.001
507|981.001
508|970.001
509|121.001
510|609.001
511|559.001
512|160.001
513|959.001
514|117.001
515|535.001
516|141.001
517|114.001
518|773.001
519|134.001
520|704.001
521|333.001
522|412.001
523|421.001
524|93.001
525|966.001
526|783.001
527|502.001
528|350.001
529|6.001
530|998.001
531|152.001
532|81.001
533|209.001
534|917.001
535|388.001
536|286.001
537|147.001
538|193.001
539|505.001
540|348.001
541|191.001
542|468.001
543|354.001
544|659.001
545|75.001
546|895.001
547|322.001
548|909.001
549|268.001
550|118.001
551|989.001
552|212.001
553|580.001
554|762.001
555|797.001
556|725.001
557|333.001
558|201.001
559|543.001
560|87.001
561|416.001
562|188.001
563|520.001
564|296.001
565|45.001
566|585.001
567|904.001
568|165.001
569|618.001
570|813.001
571|682.001
572|868.001
573|201.001
574|34.001
575|474.001
576|564.001
577|295.001
578|462.001
579|352.001
580|909.001
581|601.001
582|763.001
583|710.001
584|170.001
585|287.001
586|123.001
587|534.001
588|733.001
589|964.001
590|51.001
591|947.001
592|667.001
593|873.001
594|266.001
595|346.001
596|90.001
597|978.001
598|758.001
599|817.001
600|269.001
601|769.001
602|97.001
603|322.001
604|594.001
605|880.001
606|531.001
607|329.001
608|129.001
609|480.001
610|952.001
611|699.001
612|387.001
613|765.001
614|105.001
615|784.001
616|488.001
617|688.001
618|318.001
619|913.001
620|211.001
621|792.001
622|694.001
623|265.001
624|128.001
625|162.001
626|996.001
627|860.001
628|987.001
629|776.001
630|750.001
631|583.001
632|139.001
633|213.001
634|554.001
635|909.001
636|940.001
637|347.001
638|810.001
639|432.001
640|758.001
641|155.001
642|893.001
643|754.001
644|116.001
645|75.001
646|100.001
647|737.001
648|307.001
649|303.001
650|262.001
651|502.001
652|386.001
653|713.001
654|801.001
655|904.001
656|503.001
657|518.001
658|7.001
659|286.001
660|892.001
661|963.001
662|877.001
663|881.001
664|438.001
665|127.001
666|998.001
667|140.001
668|479.001
669|755.001
670|976.001
671|348.001
672|114.001
673|951.001
674|506.001
675|157.001
676|47.001
677|285.001
678|204.001
679|894.001
680|214.001
681|215.001
682|108.001
683|983.001
684|404.001
685|406.001
686|663.001
687|472.001
688|742.001
689|204.001
690|251.001
691|96.001
692|323.001
693|859.001
694|241.001
695|656.001
696|319.001
697|13.001
698|709.001
699|796.001
700|731.001
701|692.001
702|466.001
703|601.001
704|777.001
705|737.001
706|980.001
707|967.001
708|819.001
709|837.001
710|758.001
711|604.001
712|786.001
713|739.001
714|59.001
715|678.001
716|535.001
717|363.001
718|339.001
719|379.001
720|595.001
721|368.001
722|28.001
723|42.001
724|786.001
725|764.001
726|754.001
727|173.001
728|669.001
729|444.001
730|280.001
731|425.001
732|819.001
733|28.001
734|651.001
735|227.001
736|939.001
737|405.001
738|315.001
739|992.001
740|902.001
741|261.001
742|167.001
743|17.001
744|43.001
745|449.001
746|292.001
747|652.001
748|510.001
749|560.001
750|4.001
751|175.001
752|880.001
753|852.001
754|713.001
755|233.001
756|618.001
757|529.001
758|70.001
759|63.001
760|303.001
761|791.001
762|230.001
763|13.001
764|239.001
765|771.001
766|721.001
767|563.001
768|304.001
769|360.001
770|85.001
771|979.001
772|880.001
773|594.001
774|890.001
775|946.001
776|486.001
777|454.001
778|23.001
779|398.001
780|143.001
781|986.001
782|259.001
783|772.001
784|622.001
785|282.001
786|648.001
787|132.001
788|87.001
789|276.001
790|43.001
791|612.001
792|7.001
793|911.001
794|414.001
795|482.001
796|927.001
797|152.001
798|645.001
799|666.001
800|321.001
801|350.001
802|186.001
803|429.001
804|432.001
805|682.001
806|72.001
807|859.001
808|295.001
809|192.001
810|444.001
811|315.001
812|77.001
813|247.001
814|28.001
815|637.001
816|632.001
817|666.001
818|42.001
819|673.001
820|821.001
821|685.001
822|886.001
823|219.001
824|879.001
825|489.001
826|542.001
827|825.001
828|654.001
829|135.001
830|110.001
831|550.001
832|176.001
833|282.001
834|298.001
835|483.001
836|426.001
837|520.001
838|442.001
839|688.001
840|978.001
841|433.001
842|42.001
843|579.001
844|430.001
845|163.001
846|960.001
847|448.001
848|364.001
849|557.001
850|707.001
851|42.001
852|716.001
853|699.001
854|612.001
855|379.001
856|322.001
857|214.001
858|307.001
859|530.001
860|762.001
861|345.001
862|146.001
863|575.001
864|948.001
865|150.001
866|13.001
867|823.001
868|289.001
869|782.001
870|625.001
871|885.001
872|138.001
873|357.001
874|99.001
875|230.001
876|827.001
877|208.001
878|711.001
879|201.001
880|489.001
881|230.001
882|187.001
883|822.001
884|981.001
885|822.001
886|330.001
887|576.001
888|71.001
889|307.001
890|848.001
891|777.001
892|638.001
893|18.001
894|138.001
895|392.001
896|985.001
897|467.001
898|206.001
899|529.001
900|901.001
901|658.001
902|361.001
903|894.001
904|178.001
905|526.001
906|646.001
907|189.001
908|965.001
909|283.001
910|437.001
911|298.001
912|986.001
913|347.001
914|113.001
915|142.001
916|712.001
917|18.001
918|563.001
919|590.001
920|706.001
921|468.001
922|243.001
923|57.001
924|137.001
925|892.001
926|638.001
927|235.001
928|204.001
929|149.001
930|410.001
931|977.001
932|641.001
933|996.001
934|788.001
935|35.001
936|154.001
937|546.001
938|569.001
939|710.001
940|230.001
941|481.001
942|116.001
943|681.001
944|166.001
945|722.001
946|250.001
947|367.001
948|401.001
949|755.001
950|97.001
951|521.001
952|237.001
953|59.001
954|241.001
955|468.001
956|809.001
957|476.001
958|572.001
959|77.001
960|416.001
961|768.001
962|703.001
963|408.001
964|105.001
965|483.001
966|369.001
967|140.001
968|160.001
969|609.001
970|185.001
971|358.001
972|741.001
973|656.001
974|771.001
975|794.001
976|809.001
977|875.001
978|606.001
979|282.001
980|864.001
981|214.001
982|582.001
983|496.001
984|267.001
985|420.001
986|679.001
987|229.001
988|272.001
989|23.001
990|253.001
991|817.001
992|874.001
993|841.001
994|180.001
995|936.001
996|529.001
997|982.001
998|934.001
999|919.001
