1|583.001
2|433.001
3|267.001
4|951.001
5|817.001
6|52.001
7|662.001
8|726.001
9|973.001
10|514.001
11|292.001
12|591.001
13|537.001
14|343.001
15|935.001
16|89.001
17|526.001
18|356.001
19|708.001
20|692.001
21|120.001
22|210.001
23|793.001
24|776.001
25|682.001
26|538.001
27|350.001
28|257.001
29|791.001
30|647.001
31|67.001
32|36.001
33|623.001
34|384.001
35|962.001
36|666.001
37|388.001
38|628.001
39|970.001
40|690.001
41|64.001
42|496.001
43|642.001
44|689.001
45|972.001
46|573.001
47|266.001
48|971.001
49|191.001
50|688.001
51|908.001
52|484.001
53|389.001
54|149.001
55|252.001
56|376.001
57|637.001
58|968.001
59|637.001
60|489.001
61|306.001
62|497.001
63|119.001
64|601.001
65|407.001
66|759.001
67|509.001
68|293.001
69|484.001
70|646.001
71|274.001
72|876.001
73|714.001
74|884.001
75|765.001
76|575.001
77|896.001
78|600.001
79|603.001
80|436.001
81|393.001
82|1.001
83|625.001
84|923.001
85|148.001
86|214.001
87|82.001
88|564.001
89|789.001
90|279.001
91|878.001
92|551.001
93|810.001
94|272.001
95|905.001
96|315.001
97|828.001
98|57.001
99|69.001
100|850.001
101|984.001
102|824.001
103|61.001
104|549.001
105|365.001
106|505.001
107|660.001
108|226.001
109|824.001
110|93.001
111|985.001
112|682.001
113|779.001
114|658.001
115|775.001
116|413.001
117|411.001
118|273.001
119|348.001
120|193.001
121|164.001
122|817.001
123|348.001
124|389.001
125|250.001
126|578.001
127|484.001
128|863.001
129|740.001
130|624.001
131|230.001
132|642.001
133|112.001
134|607.001
135|694.001
136|212.001
137|544.001
138|433.001
139|451.001
140|144.001
141|162.001
142|433.001
143|519.001
144|189.001
145|993.001
146|256.001
147|5.001
148|842.001
149|111.001
150|378.001
151|749.001
152|189.001
153|667.001
154|622.001
155|843.001
156|768.001
157|51.001
158|720.001
159|916.001
160|237.001
161|9.001
162|826.001
163|0.001
164|514.001
165|178.001
166|657.001
167|254.001
168|766.001
169|764.001
170|448.001
171|349.001
172|88.001
173|535.001
174|787.001
175|393.001
176|958.001
177|954.001
178|867.001
179|481.001
180|601.001
181|14.001
182|102.001
183|293.001
184|850.001
185|686.001
186|635.001
187|371.001
188|275.001
189|636.001
190|323.001
191|288.001
192|294.001
193|498.001
194|416.001
195|340.001
196|121.001
197|428.001
198|366.001
199|214.001
200|1.001
201|977.001
202|823.001
203|352.001
204|863.001
205|992.001
206|256.001
207|378.001
208|53.001
209|151.001
210|904.001
211|496.001
212|224.001
213|370.001
214|419.001
215|566.001
216|475.001
217|967.001
218|719.001
219|342.001
220|672.001
221|536.001
222|624.001
223|342.001
224|429.001
225|481.001
226|465.001
227|397.001
228|950.001
229|823.001
230|236.001
231|790.001
232|923.001
233|109.001
234|56.001
235|186.001
236|854.001
237|853.001
238|595.001
239|480.001
240|990.001
241|167.001
242|879.001
243|837.001
244|53.001
245|159.001
246|123.001
247|194.001
248|951.001
249|222.001
250|678.001
251|715.001
252|125.001
253|280.001
254|902.001
255|786.001
256|992.001
257|298.001
258|287.001
259|125.001
260|302.001
261|509.001
262|455.001
263|117.001
264|532.001
265|478.001
266|874.001
267|302.001
268|987.001
269|928.001
270|575.001
271|472.001
272|991.001
273|848.001
274|159.001
275|397.001
276|105.001
277|701.001
278|492.001
279|879.001
280|924.001
281|191.001
282|287.001
283|454.001
284|430.001
285|852.001
286|863.001
287|601.001
288|112.001
289|185.001
290|210.001
291|118.001
292|248.001
293|373.001
294|846.001
295|955.001
296|82.001
297|804.001
298|968.001
299|35.001
300|78.001
301|856.001
302|639.001
303|100.001
304|172.001
305|147.001
306|674.001
307|838.001
308|284.001
309|965.001
310|792.001
311|322.001
312|161.001
313|740.001
314|527.001
315|951.001
316|480.001
317|694.001
318|491.001
319|819.001
320|792.001
321|247.001
322|373.001
323|803.001
324|741.001
325|796.001
326|488.001
327|62.001
328|199.001
329|766.001
330|993.001
331|651.001
332|25.001
333|727.001
334|546.001
335|178.001
336|986.001
337|859.001
338|664.001
339|159.001
340|248.001
341|63.001
342|864.001
343|433.001
344|629.001
345|768.001
346|467.001
347|283.001
348|451.001
349|627.001
350|299.001
351|564.001
352|482.001
353|232.001
354|882.001
355|932.001
356|804.001
357|351.001
358|227.001
359|924.001
360|376.001
361|343.001
362|505.001
363|290.001
364|326.001
365|762.001
366|29.001
367|256.001
368|984.001
369|981.001
370|122.001
371|650.001
372|385.001
373|115.001
374|560.001
375|273.001
376|855.001
377|848.001
378|106.001
379|123.001
380|896.001
381|694.001
382|302.001
383|880.001
384|749.001
385|553.001
386|114.001
387|623.001
388|218.001
389|652.001
390|146.001
391|137.001
392|271.001
393|809.001
394|166.001
395|543.001
396|451.001
397|118.001
398|277.001
399|656.001
400|683.001
401|955.001
402|23.001
403|628.001
404|121.001
405|68.001
406|672.001
407|279.001
408|311.001
409|211.001
410|592.001
411|971.001
412|780.001
413|864.001
414|29.001
415|579.001
416|506.001
417|606.001
418|148.001
419|8.001
420|310.001
421|253.001
422|819.001
423|679.001
424|227.001
425|688.001
426|753.001
427|847.001
428|4.001
429|238.001
430|312.001
431|240.001
432|673.001
433|302.001
434|831.001
435|653.001
436|796.001
437|712.001
438|924.001
439|403.001
440|237.001
441|708.001
442|222.001
443|511.001
444|658.001
445|163.001
446|90.001
447|652.001
448|249.001
449|224.001
450|836.001
451|881.001
452|169.001
453|279.001
454|191.001
455|485.001
456|382.001
457|167.001
458|100.001
459|198.001
460|808.001
461|678.001
462|924.001
463|63.001
464|623.001
465|822.001
466|575.001
467|168.001
468|394.001
469|907.001
470|620.001
471|721.001
472|992.001
473|342.001
474|67.001
475|311.001
476|744.001
477|793.001
478|164.001
479|304.001
480|958.001
481|308.001
482|447.001
483|899.001
484|607.001
485|126.001
486|314.001
487|612.001
488|22.001
489|41.001
490|752.001
491|909.001
492|803.001
493|158.001
494|10.001
495|734.001
496|35.001
497|128.001
498|413.001
499|259.001
500|580.001
501|595.001
502|274.001
503|166.001
504|732.001
505|87.001
506|801.001
507|710.001
508|568.001
509|551.001
510|397.001
511|565.001
512|479.001
513|818.001
514|893.001
515|127.001
516|276.001
517|346.001
518|247.001
519|73.001
520|368.001
521|366.001
522|401.001
523|357.001
524|715.001
525|283.001
526|476.001
527|563.001
528|684.001
529|66.001
530|320.001
531|684.001
532|334.001
533|653.001
534|716.001
535|834.001
536|957.001
537|733.001
538|416.001
539|559.001
540|206.001
541|286.001
542|370.001
543|845.001
544|741.001
545|413.001
546|581.001
547|905.001
548|736.001
549|71.001
550|750.001
551|119.001
552|87.001
553|745.001
554|413.001
555|655.001
556|246.001
557|15.001
558|680.001
559|854.001
560|275.001
561|866.001
562|809.001
563|387.001
564|197.001
565|655.001
566|595.001
567|326.001
568|182.001
569|914.001
570|522.001
571|969.001
572|157.001
573|955.001
574|604.001
575|844.001
576|258.001
577|121.001
578|114.001
579|455.001
580|246.001
581|476.001
582|336.001
583|186.001
584|597.001
585|7.001
586|644.001
587|947.001
588|736.001
589|203.001
590|675.001
591|619.001
592|766.001
593|429.001
594|918.001
595|996.001
596|511.001
597|529.001
598|445.001
599|273.001
600|234.001
601|203.001
602|210.001
603|775.001
604|967.001
605|692.001
606|320.001
607|481.001
608|175.001
609|455.001
610|558.001
611|908.001
612|86.001
613|822.001
614|489.001
615|772.001
616|153.001
617|801.001
618|401.001
619|412.001
620|276.001
621|680.001
622|273.001
623|111.001
624|639.001
625|764.001
626|248.001
627|970.001
628|560.001
629|732.001
630|560.001
631|797.001
632|113.001
633|934.001
634|25.001
635|95.001
636|651.001
637|750.001
638|672.001
639|469.001
640|391.001
641|105.001
642|578.001
643|59.001
644|235.001
645|16.001
646|953.001
647|976.001
648|926.001
649|359.001
650|460.001
651|686.001
652|71.001
653|863.001
654|831.001
655|742.001
656|939.001
657|28.001
658|45.001
659|777.001
660|5.001
661|595.001
662|439.001
663|64.001
664|347.001
665|993.001
666|983.001
667|522.001
668|650.001
669|571.001
670|649.001
671|234.001
672|916.001
673|915.001
674|393.001
675|168.001
676|137.001
677|871.001
678|243.001
679|717.001
680|937.001
681|478.001
682|209.001
683|993.001
684|910.001
685|888.001
686|820.001
687|126.001
688|854.001
689|570.001
690|101.001
691|853.001
692|284.001
693|322.001
694|840.001
695|946.001
696|110.001
697|328.001
698|83.001
699|776.001
700|416.001
701|942.001
702|664.001
703|929.001
704|328.001
705|474.001
706|348.001
707|15.001
708|11.001
709|71.001
710|371.001
711|994.001
712|967.001
713|313.001
714|561.001
715|749.001
716|685.001
717|808.001
718|204.001
719|556.001
720|727.001
721|595.001
722|338.001
723|673.001
724|551.001
725|565.001
726|740.001
727|575.001
728|982.001
729|857.001
730|301.001
731|830.001
732|394.001
733|302.001
734|613.001
735|849.001
736|772.001
737|42.001
738|780.001
739|362.001
740|801.001
741|707.001
742|565.001
743|83.001
744|602.001
745|0.001
746|794.001
747|185.001
748|900.001
749|160.001
750|774.001
751|314.001
752|720.001
753|50.001
754|719.001
755|155.001
756|898.001
757|154.001
758|833.001
759|59.001
760|640.001
761|302.001
762|252.001
763|542.001
764|961.001
765|245.001
766|387.001
767|956.001
768|422.001
769|242.001
770|158.001
771|112.001
772|7.001
773|983.001
774|504.001
775|949.001
776|551.001
777|877.001
778|92.001
779|444.001
780|557.001
781|916.001
782|839.001
783|481.001
784|218.001
785|276.001
786|838.001
787|524.001
788|853.001
789|585.001
790|24.001
791|80.001
792|993.001
793|173.001
794|265.001
795|334.001
796|667.001
797|9.001
798|489.001
799|518.001
800|665.001
801|188.001
802|194.001
803|987.001
804|850.001
805|875.001
806|618.001
807|123.001
808|829.001
809|990.001
810|671.001
811|871.001
812|501.001
813|616.001
814|3.001
815|508.001
816|32.001
817|73.001
818|709.001
819|51.001
820|793.001
821|790.001
822|440.001
823|626.001
824|892.001
825|661.001
826|695.001
827|984.001
828|552.001
829|15.001
830|556.001
831|844.001
832|139.001
833|455.001
834|100.001
835|365.001
836|348.001
837|153.001
838|92.001
839|577.001
840|57.001
841|458.001
842|199.001
843|704.001
844|806.001
845|364.001
846|990.001
847|949.001
848|568.001
849|944.001
850|233.001
851|664.001
852|545.001
853|263.001
854|323.001
855|336.001
856|641.001
857|709.001
858|743.001
859|445.001
860|816.001
861|76.001
862|238.001
863|816.001
864|127.001
865|760.001
866|537.001
867|31.001
868|192.001
869|487.001
870|761.001
871|604.001
872|967.001
873|438.001
874|676.001
875|375.001
876|135.001
877|168.001
878|45.001
879|586.001
880|961.001
881|654.001
882|579.001
883|654.001
884|522.001
885|815.001
886|388.001
887|153.001
888|685.001
889|741.001
890|583.001
891|605.001
892|459.001
893|562.001
894|401.001
895|400.001
896|367.001
897|242.001
898|622.001
899|411.001
900|722.001
901|855.001
902|879.001
903|788.001
904|99.001
905|928.001
906|81.001
907|48.001
908|950.001
909|166.001
910|513.001
911|675.001
912|96.001
913|305.001
914|366.001
915|33.001
916|278.001
917|167.001
918|581.001
919|819.001
920|688.001
921|681.001
922|312.001
923|739.001
924|483.001
925|513.001
926|369.001
927|507.001
928|792.001
929|611.001
930|941.001
931|898.001
932|881.001
933|587.001
934|968.001
935|537.001
936|151.001
937|856.001
938|683.001
939|646.001
940|291.001
941|869.001
942|753.001
943|251.001
944|3.001
945|434.001
946|994.001
947|687.001
948|358.001
949|146.001
950|694.001
951|169.001
952|185.001
953|562.001
954|566.001
955|579.001
956|146.001
957|391.001
958|608.001
959|192.001
960|641.001
961|749.001
962|39.001
963|358.001
964|305.001
965|828.001
966|412.001
967|178.001
968|777.001
969|82.001
970|357.001
971|746.001
972|969.001
973|411.001
974|769.001
975|340.001
976|986.001
977|556.001
978|515.001
979|653.001
980|98.001
981|111.001
982|916.001
983|362.001
984|769.001
985|73.001
986|383.001
987|321.001
988|194.001
989|258.001
990|299.001
991|251.001
992|414.001
993|86.001
994|539.001
995|552.001
996|40.001
997|130.001
998|940.001
999|299.001
