1|314.001
2|69.001
3|419.001
4|857.001
5|110.001
6|310.001
7|769.001
8|83.001
9|802.001
10|935.001
11|156.001
12|79.001
13|856.001
14|287.001
15|619.001
16|538.001
17|7.001
18|177.001
19|663.001
20|355.001
21|179.001
22|395.001
23|705.001
24|887.001
25|77.001
26|851.001
27|151.001
28|707.001
29|938.001
30|729.001
31|338.001
32|210.001
33|460.001
34|166.001
35|522.001
36|707.001
37|580.001
38|895.001
39|307.001
40|287.001
41|230.001
42|606.001
43|440.001
44|167.001
45|188.001
46|281.001
47|824.001
48|172.001
49|739.001
50|157.001
51|159.001
52|213.001
53|303.001
54|259.001
55|683.001
56|101.001
57|543.001
58|878.001
59|612.001
60|861.001
61|38.001
62|349.001
63|886.001
64|215.001
65|291.001
66|375.001
67|232.001
68|842.001
69|914.001
70|462.001
71|33.001
72|571.001
73|982.001
74|329.001
75|623.001
76|167.001
77|3.001
78|353.001
79|459.001
80|967.001
81|637.001
82|577.001
83|783.001
84|458.001
85|502.001
86|499.001
87|577.001
88|787.001
89|80.001
90|928.001
91|932.001
92|61.001
93|339.001
94|454.001
95|9.001
96|925.001
97|236.001
98|671.001
99|429.001
100|983.001
101|948.001
102|431.001
103|342.001
104|751.001
105|97.001
106|345.001
107|278.001
108|400.001
109|423.001
110|225.001
111|652.001
112|440.001
113|513.001
114|240.001
115|117.001
116|614.001
117|910.001
118|425.001
119|447.001
120|241.001
121|308.001
122|701.001
123|202.001
124|532.001
125|482.001
126|974.001
127|254.001
128|417.001
129|88.001
130|268.001
131|210.001
132|525.001
133|600.001
134|348.001
135|326.001
136|94.001
137|310.001
138|38.001
139|895.001
140|226.001
141|457.001
142|364.001
143|53.001
144|258.001
145|655.001
146|871.001
147|798.001
148|152.001
149|892.001
150|199.001
151|723.001
152|872.001
153|563.001
154|416.001
155|728.001
156|545.001
157|978.001
158|549.001
159|519.001
160|691.001
161|246.001
162|143.001
163|269.001
164|510.001
165|623.001
166|395.001
167|580.001
168|295.001
169|551.001
170|286.001
171|669.001
172|854.001
173|45.001
174|435.001
175|42.001
176|822.001
177|429.001
178|275.001
179|944.001
180|24.001
181|777.001
182|348.001
183|175.001
184|630.001
185|984.001
186|553.001
187|854.001
188|715.001
189|289.001
190|974.001
191|470.001
192|524.001
193|584.001
194|265.001
195|267.001
196|462.001
197|194.001
198|205.001
199|25.001
200|863.001
201|555.001
202|839.001
203|497.001
204|298.001
205|23.001
206|508.001
207|293.001
208|213.001
209|257.001
210|321.001
211|128.001
212|723.001
213|503.001
214|950.001
215|820.001
216|26.001
217|805.001
218|33.001
219|645.001
220|108.001
221|392.001
222|800.001
223|315.001
224|343.001
225|571.001
226|615.001
227|174.001
228|216.001
229|427.001
230|650.001
231|502.001
232|419.001
233|438.001
234|587.001
235|199.001
236|647.001
237|534.001
238|130.001
239|452.001
240|176.001
241|361.001
242|710.001
243|125.001
244|958.001
245|715.001
246|914.001
247|424.001
248|235.001
249|793.001
250|436.001
251|19.001
252|348.001
253|448.001
254|835.001
255|209.001
256|758.001
257|808.001
258|225.001
259|394.001
260|826.001
261|788.001
262|881.001
263|234.001
264|590.001
265|681.001
266|178.001
267|644.001
268|28.001
269|604.001
270|397.001
271|391.001
272|63.001
273|463.001
274|314.001
275|221.001
276|739.001
277|662.001
278|113.001
279|683.001
280|510.001
281|948.001
282|292.001
283|671.001
284|936.001
285|460.001
286|199.001
287|741.001
288|374.001
289|341.001
290|516.001
291|598.001
292|575.001
293|745.001
294|506.001
295|474.001
296|142.001
297|211.001
298|544.001
299|303.001
300|656.001
301|162.001
302|404.001
303|469.001
304|392.001
305|294.001
306|977.001
307|164.001
308|769.001
309|526.001
310|617.001
311|435.001
312|359.001
313|124.001
314|997.001
315|442.001
316|222.001
317|554.001
318|300.001
319|877.001
320|605.001
321|721.001
322|930.001
323|218.001
324|591.001
325|940.001
326|376.001
327|779.001
328|2.001
329|213.001
330|917.001
331|547.001
332|270.001
333|900.001
334|841.001
335|986.001
336|61.001
337|135.001
338|904.001
339|672.001
340|951.001
341|758.001
342|456.001
343|634.001
344|960.001
345|235.001
346|269.001
347|850.001
348|238.001
349|471.001
350|521.001
351|394.001
352|356.001
353|276.001
354|584.001
355|673.001
356|658.001
357|23.001
358|62.001
359|964.001
360|61.001
361|954.001
362|972.001
363|23.001
364|17.001
365|845.001
366|448.001
367|83.001
368|485.001
369|816.001
370|987.001
371|330.001
372|619.001
373|49.001
374|753.001
375|641.001
376|269.001
377|325.001
378|403.001
379|170.001
380|828.001
381|360.001
382|420.001
383|127.001
384|667.001
385|846.001
386|247.001
387|516.001
388|115.001
389|314.001
390|130.001
391|434.001
392|810.001
393|609.001
394|891.001
395|425.001
396|848.001
397|223.001
398|513.001
399|125.001
400|183.001
401|981.001
402|717.001
403|571.001
404|949.001
405|980.001
406|889.001
407|216.001
408|773.001
409|411.001
410|850.001
411|830.001
412|688.001
413|774.001
414|483.001
415|25.001
416|472.001
417|531.001
418|653.001
419|375.001
420|861.001
421|162.001
422|908.001
423|874.001
424|837.001
425|883.001
426|236.001
427|559.001
428|517.001
429|827.001
430|430.001
431|249.001
432|476.001
433|30.001
434|780.001
435|801.001
436|33.001
437|236.001
438|749.001
439|826.001
440|73.001
441|387.001
442|606.001
443|570.001
444|785.001
445|175.001
446|179.001
447|706.001
448|293.001
449|241.001
450|684.001
451|10.001
452|694.001
453|389.001
454|180.001
455|521.001
456|814.001
457|116.001
458|560.001
459|921.001
460|833.001
461|258.001
462|653.001
463|160.001
464|96.001
465|448.001
466|39.001
467|44.001
468|106.001
469|566.001
470|550.001
471|135.001
472|412.001
473|596.001
474|959.001
475|376.001
476|803.001
477|404.001
478|528.001
479|487.001
480|536.001
481|572.001
482|788.001
483|694.001
484|977.001
485|229.001
486|312.001
487|434.001
488|592.001
489|478.001
490|426.001
491|916.001
492|668.001
493|314.001
494|38.001
495|905.001
496|721.001
497|716.001
498|414.001
499|812.001
500|587.001
501|884.001
502|811.001
503|354.001
504|617.001
505|385.001
506|89.001
507|748.001
508|571.001
509|825.001
510|647.001
511|781.001
512|166.001
513|950.001
514|370.001
515|734.001
516|998.001
517|6.001
518|603.001
519|970.001
520|373.001
521|563.001
522|204.001
523|416.001
524|21.001
525|755.001
526|928.001
527|643.001
528|819.001
529|991.001
530|528.001
531|122.001
532|290.001
533|496.001
534|930.001
535|195.001
536|30.001
537|149.001
538|137.001
539|248.001
540|605.001
541|984.001
542|249.001
543|90.001
544|291.001
545|427.001
546|87.001
547|637.001
548|535.001
549|373.001
550|276.001
551|297.001
552|309.001
553|903.001
554|806.001
555|968.001
556|470.001
557|393.001
558|735.001
559|376.001
560|190.001
561|969.001
562|107.001
563|65.001
564|115.001
565|174.001
566|34.001
567|232.001
568|147.001
569|673.001
570|799.001
571|259.001
572|505.001
573|749.001
574|382.001
575|917.001
576|233.001
577|107.001
578|98.001
579|837.001
580|58.001
581|280.001
582|356.001
583|894.001
584|77.001
585|340.001
586|306.001
587|362.001
588|430.001
589|176.001
590|458.001
591|48.001
592|394.001
593|604.001
594|488.001
595|548.001
596|788.001
597|495.001
598|307.001
599|295.001
600|153.001
601|307.001
602|667.001
603|97.001
604|461.001
605|699.001
606|906.001
607|13.001
608|359.001
609|495.001
610|144.001
611|764.001
612|614.001
613|168.001
614|659.001
615|34.001
616|914.001
617|550.001
618|241.001
619|669.001
620|754.001
621|131.001
622|437.001
623|212.001
624|339.001
625|189.001
626|620.001
627|431.001
628|712.001
629|77.001
630|267.001
631|642.001
632|116.001
633|663.001
634|722.001
635|344.001
636|988.001
637|890.001
638|124.001
639|917.001
640|521.001
641|958.001
642|404.001
643|657.001
644|491.001
645|10.001
646|605.001
647|53.001
648|414.001
649|65.001
650|195.001
651|706.001
652|974.001
653|599.001
654|896.001
655|914.001
656|390.001
657|381.001
658|156.001
659|174.001
660|534.001
661|230.001
662|297.001
663|249.001
664|834.001
665|630.001
666|253.001
667|555.001
668|890.001
669|594.001
670|941.001
671|447.001
672|910.001
673|289.001
674|924.001
675|423.001
676|201.001
677|141.001
678|372.001
679|858.001
680|375.001
681|853.001
682|737.001
683|162.001
684|680.001
685|421.001
686|57.001
687|944.001
688|182.001
689|440.001
690|458.001
691|236.001
692|671.001
693|813.001
694|840.001
695|807.001
696|293.001
697|760.001
698|51.001
699|24.001
700|915.001
701|68.001
702|285.001
703|202.001
704|949.001
705|602.001
706|355.001
707|533.001
708|260.001
709|701.001
710|823.001
711|190.001
712|204.001
713|656.001
714|714.001
715|954.001
716|386.001
717|52.001
718|966.001
719|374.001
720|548.001
721|973.001
722|345.001
723|284.001
724|349.001
725|625.001
726|22.001
727|929.001
728|960.001
729|301.001
730|749.001
731|538.001
732|99.001
733|351.001
734|778.001
735|811.001
736|752.001
737|890.001
738|520.001
739|679.001
740|542.001
741|447.001
742|67.001
743|230.001
744|772.001
745|251.001
746|243.001
747|733.001
748|442.001
749|172.001
750|398.001
751|716.001
752|89.001
753|302.001
754|965.001
755|239.001
756|581.001
757|72.001
758|36.001
759|962.001
760|935.001
761|96.001
762|520.001
763|700.001
764|704.001
765|924.001
766|411.001
767|732.001
768|119.001
769|633.001
770|887.001
771|340.001
772|980.001
773|523.001
774|777.001
775|501.001
776|911.001
777|717.001
778|609.001
779|600.001
780|717.001
781|426.001
782|231.001
783|434.001
784|678.001
785|166.001
786|905.001
787|530.001
788|496.001
789|680.001
790|904.001
791|937.001
792|835.001
793|845.001
794|980.001
795|32.001
796|149.001
797|472.001
798|289.001
799|711.001
800|439.001
801|732.001
802|402.001
803|349.001
804|895.001
805|629.001
806|569.001
807|195.001
808|47.001
809|138.001
810|330.001
811|408.001
812|311.001
813|799.001
814|705.001
815|961.001
816|894.001
817|694.001
818|959.001
819|367.001
820|879.001
821|851.001
822|419.001
823|136.001
824|356.001
825|766.001
826|232.001
827|5.001
828|314.001
829|29.001
830|96.001
831|374.001
832|799.001
833|783.001
834|221.001
835|555.001
836|260.001
837|703.001
838|165.001
839|108.001
840|360.001
841|754.001
842|224.001
843|457.001
844|458.001
845|522.001
846|566.001
847|535.001
848|56.001
849|714.001
850|378.001
851|813.001
852|548.001
853|81.001
854|710.001
855|772.001
856|821.001
857|666.001
858|313.001
859|469.001
860|700.001
861|89.001
862|994.001
863|879.001
864|216.001
865|435.001
866|603.001
867|775.001
868|261.001
869|52.001
870|258.001
871|922.001
872|305.001
873|935.001
874|117.001
875|826.001
876|497.001
877|900.001
878|725.001
879|614.001
880|229.001
881|186.001
882|153.001
883|831.001
884|712.001
885|112.001
886|527.001
887|150.001
888|900.001
889|52.001
890|547.001
891|954.001
892|257.001
893|564.001
894|408.001
895|904.001
896|400.001
897|867.001
898|464.001
899|839.001
900|299.001
901|867.001
902|458.001
903|522.001
904|612.001
905|999.001
906|53.001
907|639.001
908|845.001
909|318.001
910|453.001
911|574.001
912|132.001
913|356.001
914|379.001
915|446.001
916|653.001
917|403.001
918|406.001
919|798.001
920|993.001
921|539.001
922|852.001
923|985.001
924|552.001
925|534.001
926|289.001
927|681.001
928|764.001
929|565.001
930|488.001
931|564.001
932|988.001
933|78.001
934|128.001
935|146.001
936|81.001
937|75.001
938|315.001
939|378.001
940|284.001
941|236.001
942|335.001
943|810.001
944|326.001
945|5.001
946|878.001
947|19.001
948|35.001
949|53.001
950|634.001
951|794.001
952|231.001
953|311.001
954|701.001
955|488.001
956|623.001
957|295.001
958|767.001
959|581.001
960|258.001
961|506.001
962|845.001
963|40.001
964|841.001
965|781.001
966|354.001
967|567.001
968|335.001
969|582.001
970|934.001
971|119.001
972|54.001
973|607.001
974|790.001
975|916.001
976|870.001
977|200.001
978|665.001
979|934.001
980|667.001
981|677.001
982|690.001
983|0.001
984|666.001
985|958.001
986|84.001
987|922.001
988|367.001
989|377.001
990|540.001
991|263.001
992|606.001
993|179.001
994|60.001
995|700.001
996|648.001
997|830.001
998|565.001
999|667.001
