1|219.001
2|891.001
3|641.001
4|851.001
5|493.001
6|408.001
7|701.001
8|707.001
9|18.001
10|879.001
11|102.001
12|560.001
13|15.001
14|260.001
15|997.001
16|934.001
17|801.001
18|372.001
19|32.001
20|27.001
21|274.001
22|846.001
23|350.001
24|539.001
25|884.001
26|130.001
27|221.001
28|847.001
29|764.001
30|841.001
31|556.001
32|404.001
33|495.001
34|702.001
35|341.001
36|130.001
37|535.001
38|922.001
39|159.001
40|386.001
41|684.001
42|268.001
43|761.001
44|424.001
45|850.001
46|54.001
47|791.001
48|872.001
49|590.001
50|855.001
51|170.001
52|100.001
53|81.001
54|208.001
55|426.001
56|659.001
57|754.001
58|582.001
59|84.001
60|91.001
61|487.001
62|492.001
63|469.001
64|298.001
65|764.001
66|910.001
67|938.001
68|888.001
69|172.001
70|113.001
71|350.001
72|935.001
73|520.001
74|244.001
75|67.001
76|110.001
77|846.001
78|776.001
79|245.001
80|567.001
81|250.001
82|430.001
83|199.001
84|596.001
85|516.001
86|657.001
87|190.001
88|345.001
89|51.001
90|422.001
91|683.001
92|248.001
93|760.001
94|811.001
95|302.001
96|762.001
97|266.001
98|290.001
99|259.001
100|177.001
101|575.001
102|213.001
103|895.001
104|214.001
105|17.001
106|979.001
107|151.001
108|962.001
109|802.001
110|641.001
111|860.001
112|211.001
113|623.001
114|773.001
115|657.001
116|657.001
117|744.001
118|410.001
119|905.001
120|958.001
121|765.001
122|391.001
123|619.001
124|545.001
125|557.001
126|865.001
127|556.001
128|38.001
129|682.001
130|27.001
131|454.001
132|363.001
133|850.001
134|211.001
135|480.001
136|928.001
137|83.001
138|550.001
139|570.001
140|709.001
141|216.001
142|84.001
143|397.001
144|245.001
145|197.001
146|5.001
147|469.001
148|8.001
149|742.001
150|657.001
151|975.001
152|210.001
153|879.001
154|189.001
155|866.001
156|288.001
157|959.001
158|769.001
159|844.001
160|169.001
161|756.001
162|691.001
163|167.001
164|638.001
165|535.001
166|410.001
167|995.001
168|425.001
169|490.001
170|392.001
171|32.001
172|40.001
173|429.001
174|11.001
175|351.001
176|960.001
177|399.001
178|52.001
179|533.001
180|766.001
181|260.001
182|65.001
183|872.001
184|484.001
185|729.001
186|793.001
187|716.001
188|882.001
189|55.001
190|728.001
191|788.001
192|960.001
193|600.001
194|992.001
195|615.001
196|839.001
197|851.001
198|113.001
199|63.001
200|421.001
201|929.001
202|922.001
203|545.001
204|977.001
205|690.001
206|470.001
207|384.001
208|210.001
209|890.001
210|597.001
211|135.001
212|789.001
213|283.001
214|164.001
215|277.001
216|563.001
217|600.001
218|740.001
219|422.001
220|282.001
221|623.001
222|145.001
223|582.001
224|948.001
225|86.001
226|870.001
227|320.001
228|390.001
229|464.001
230|222.001
231|380.001
232|761.001
233|355.001
234|811.001
235|785.001
236|831.001
237|754.001
238|33.001
239|637.001
240|737.001
241|938.001
242|413.001
243|300.001
244|484.001
245|139.001
246|643.001
247|992.001
248|40.001
249|104.001
250|930.001
251|289.001
252|842.001
253|342.001
254|258.001
255|11.001
256|17.001
257|60.001
258|258.001
259|898.001
260|13.001
261|919.001
262|349.001
263|980.001
264|519.001
265|460.001
266|146.001
267|429.001
268|415.001
269|71.001
270|380.001
271|539.001
272|341.001
273|700.001
274|391.001
275|120.001
276|729.001
277|810.001
278|518.001
279|843.001
280|306.001
281|738.001
282|683.001
283|804.001
284|881.001
285|576.001
286|342.001
287|683.001
288|572.001
289|513.001
290|630.001
291|836.001
292|131.001
293|395.001
294|326.001
295|257.001
296|751.001
297|942.001
298|327.001
299|906.001
300|630.001
301|151.001
302|973.001
303|65.001
304|760.001
305|527.001
306|794.001
307|520.001
308|70.001
309|306.001
310|735.001
311|110.001
312|54.001
313|656.001
314|736.001
315|36.001
316|331.001
317|915.001
318|607.001
319|895.001
320|534.001
321|179.001
322|862.001
323|916.001
324|161.001
325|875.001
326|898.001
327|392.001
328|965.001
329|742.001
330|117.001
331|555.001
332|354.001
333|376.001
334|85.001
335|110.001
336|924.001
337|811.001
338|437.001
339|188.001
340|879.001
341|109.001
342|330.001
343|868.001
344|376.001
345|708.001
346|275.001
347|110.001
348|274.001
349|399.001
350|114.001
351|394.001
352|984.001
353|678.001
354|890.001
355|672.001
356|399.001
357|321.001
358|903.001
359|824.001
360|902.001
361|272.001
362|560.001
363|134.001
364|812.001
365|985.001
366|196.001
367|937.001
368|843.001
369|56.001
370|590.001
371|849.001
372|413.001
373|416.001
374|134.001
375|612.001
376|114.001
377|732.001
378|358.001
379|348.001
380|532.001
381|424.001
382|838.001
383|194.001
384|691.001
385|279.001
386|546.001
387|35.001
388|476.001
389|563.001
390|245.001
391|208.001
392|616.001
393|882.001
394|8.001
395|75.001
396|550.001
397|580.001
398|582.001
399|761.001
400|41.001
401|475.001
402|380.001
403|140.001
404|812.001
405|285.001
406|530.001
407|616.001
408|822.001
409|826.001
410|559.001
411|3.001
412|856.001
413|771.001
414|653.001
415|594.001
416|572.001
417|202.001
418|100.001
419|311.001
420|83.001
421|936.001
422|172.001
423|392.001
424|134.001
425|825.001
426|193.001
427|958.001
428|239.001
429|504.001
430|160.001
431|123.001
432|455.001
433|703.001
434|842.001
435|117.001
436|640.001
437|437.001
438|195.001
439|947.001
440|693.001
441|807.001
442|181.001
443|613.001
444|362.001
445|128.001
446|816.001
447|27.001
448|83.001
449|202.001
450|369.001
451|381.001
452|288.001
453|459.001
454|896.001
455|933.001
456|672.001
457|249.001
458|805.001
459|608.001
460|380.001
461|550.001
462|569.001
463|483.001
464|759.001
465|737.001
466|534.001
467|910.001
468|162.001
469|698.001
470|182.001
471|912.001
472|152.001
473|669.001
474|469.001
475|587.001
476|134.001
477|730.001
478|864.001
479|682.001
480|214.001
481|954.001
482|20.001
483|403.001
484|366.001
485|257.001
486|437.001
487|530.001
488|939.001
489|506.001
490|628.001
491|744.001
492|918.001
493|15.001
494|687.001
495|164.001
496|189.001
497|878.001
498|0.001
499|930.001
500|502.001
501|592.001
502|765.001
503|831.001
504|577.001
505|55.001
506|311.001
507|416.001
508|412.001
509|968.001
510|913.001
511|223.001
512|982.001
513|103.001
514|459.001
515|84.001
516|439.001
517|3.001
518|427.001
519|931.001
520|512.001
521|296.001
522|841.001
523|815.001
524|496.001
525|775.001
526|218.001
527|258.001
528|694.001
529|658.001
530|28.001
531|532.001
532|848.001
533|618.001
534|559.001
535|583.001
536|513.001
537|590.001
538|433.001
539|381.001
540|944.001
541|745.001
542|734.001
543|554.001
544|935.001
545|488.001
546|387.001
547|388.001
548|751.001
549|408.001
550|619.001
551|190.001
552|578.001
553|667.001
554|821.001
555|532.001
556|542.001
557|655.001
558|101.001
559|844.001
560|864.001
561|658.001
562|41.001
563|513.001
564|540.001
565|900.001
566|478.001
567|51.001
568|63.001
569|852.001
570|196.001
571|367.001
572|395.001
573|254.001
574|201.001
575|921.001
576|116.001
577|236.001
578|428.001
579|430.001
580|701.001
581|37.001
582|551.001
583|108.001
584|275.001
585|784.001
586|62.001
587|892.001
588|993.001
589|130.001
590|959.001
591|852.001
592|349.001
593|654.001
594|707.001
595|229.001
596|810.001
597|924.001
598|338.001
599|138.001
600|700.001
601|405.001
602|743.001
603|315.001
604|239.001
605|111.001
606|841.001
607|35.001
608|953.001
609|507.001
610|39.001
611|927.001
612|954.001
613|965.001
614|616.001
615|500.001
616|358.001
617|183.001
618|394.001
619|358.001
620|444.001
621|111.001
622|86.001
623|101.001
624|408.001
625|764.001
626|209.001
627|972.001
628|894.001
629|738.001
630|42.001
631|866.001
632|910.001
633|383.001
634|762.001
635|640.001
636|702.001
637|751.001
638|108.001
639|56.001
640|352.001
641|35.001
642|259.001
643|726.001
644|154.001
645|2.001
646|574.001
647|549.001
648|77.001
649|226.001
650|473.001
651|569.001
652|442.001
653|647.001
654|764.001
655|135.001
656|596.001
657|89.001
658|942.001
659|991.001
660|795.001
661|518.001
662|167.001
663|334.001
664|568.001
665|296.001
666|756.001
667|33.001
668|704.001
669|421.001
670|57.001
671|152.001
672|109.001
673|164.001
674|369.001
675|495.001
676|185.001
677|767.001
678|68.001
679|62.001
680|385.001
681|157.001
682|736.001
683|297.001
684|968.001
685|183.001
686|230.001
687|992.001
688|927.001
689|163.001
690|640.001
691|662.001
692|744.001
693|68.001
694|479.001
695|583.001
696|523.001
697|246.001
698|817.001
699|851.001
700|90.001
701|261.001
702|680.001
703|159.001
704|310.001
705|506.001
706|559.001
707|619.001
708|6.001
709|255.001
710|417.001
711|370.001
712|392.001
713|646.001
714|123.001
715|546.001
716|179.001
717|929.001
718|283.001
719|632.001
720|922.001
721|279.001
722|663.001
723|716.001
724|323.001
725|369.001
726|422.001
727|187.001
728|100.001
729|509.001
730|858.001
731|19.001
732|906.001
733|819.001
734|267.001
735|903.001
736|962.001
737|584.001
738|430.001
739|425.001
740|807.001
741|936.001
742|25.001
743|392.001
744|543.001
745|464.001
746|147.001
747|119.001
748|392.001
749|792.001
750|19.001
751|949.001
752|919.001
753|139.001
754|522.001
755|153.001
756|231.001
757|766.001
758|447.001
759|745.001
760|862.001
761|58.001
762|920.001
763|303.001
764|720.001
765|862.001
766|523.001
767|66.001
768|433.001
769|671.001
770|731.001
771|693.001
772|263.001
773|865.001
774|133.001
775|393.001
776|612.001
777|208.001
778|347.001
779|877.001
780|314.001
781|274.001
782|380.001
783|877.001
784|364.001
785|220.001
786|313.001
787|343.001
788|896.001
789|489.001
790|84.001
791|537.001
792|218.001
793|915.001
794|709.001
795|745.001
796|425.001
797|421.001
798|362.001
799|41.001
800|551.001
801|47.001
802|524.001
803|310.001
804|702.001
805|549.001
806|675.001
807|506.001
808|725.001
809|631.001
810|658.001
811|434.001
812|810.001
813|949.001
814|859.001
815|760.001
816|286.001
817|98.001
818|671.001
819|173.001
820|593.001
821|199.001
822|42.001
823|658.001
824|175.001
825|730.001
826|750.001
827|715.001
828|728.001
829|635.001
830|912.001
831|29.001
832|122.001
833|855.001
834|851.001
835|56.001
836|772.001
837|760.001
838|994.001
839|751.001
840|73.001
841|840.001
842|143.001
843|894.001
844|949.001
845|572.001
846|20.001
847|572.001
848|824.001
849|279.001
850|129.001
851|40.001
852|581.001
853|921.001
854|50.001
855|948.001
856|3.001
857|858.001
858|92.001
859|284.001
860|579.001
861|968.001
862|486.001
863|473.001
864|127.001
865|103.001
866|42.001
867|124.001
868|956.001
869|455.001
870|236.001
871|550.001
872|787.001
873|99.001
874|905.001
875|739.001
876|459.001
877|735.001
878|121.001
879|901.001
880|187.001
881|15.001
882|384.001
883|151.001
884|776.001
885|810.001
886|921.001
887|143.001
888|562.001
889|121.001
890|25.001
891|381.001
892|699.001
893|675.001
894|475.001
895|801.001
896|135.001
897|433.001
898|65.001
899|572.001
900|624.001
901|31.001
902|638.001
903|928.001
904|866.001
905|320.001
906|413.001
907|262.001
908|893.001
909|203.001
910|420.001
911|349.001
912|937.001
913|909.001
914|109.001
915|977.001
916|138.001
917|431.001
918|763.001
919|181.001
920|592.001
921|731.001
922|651.001
923|950.001
924|267.001
925|187.001
926|961.001
927|39.001
928|906.001
929|747.001
930|374.001
931|301.001
932|354.001
933|980.001
934|516.001
935|11.001
936|751.001
937|79.001
938|893.001
939|353.001
940|328.001
941|584.001
942|606.001
943|328.001
944|551.001
945|783.001
946|156.001
947|306.001
948|720.001
949|826.001
950|342.001
951|339.001
952|632.001
953|178.001
954|977.001
955|199.001
956|685.001
957|402.001
958|166.001
959|221.001
960|512.001
961|578.001
962|570.001
963|416.001
964|454.001
965|314.001
966|20.001
967|913.001
968|784.001
969|333.001
970|342.001
971|758.001
972|822.001
973|138.001
974|44.001
975|584.001
976|188.001
977|805.001
978|504.001
979|737.001
980|345.001
981|358.001
982|860.001
983|621.001
984|16.001
985|186.001
986|367.001
987|237.001
988|61.001
989|891.001
990|409.001
991|297.001
992|158.001
993|424.001
994|653.001
995|527.001
996|612.001
997|808.001
998|589.001
999|333.001
