1|664.001
2|263.001
3|984.001
4|219.001
5|2.001
6|938.001
7|734.001
8|311.001
9|995.001
10|471.001
11|245.001
12|794.001
13|496.001
14|809.001
15|564.001
16|734.001
17|447.001
18|351.001
19|894.001
20|895.001
21|215.001
22|582.001
23|842.001
24|750.001
25|803.001
26|87.001
27|404.001
28|578.001
29|338.001
30|941.001
31|720.001
32|564.001
33|523.001
34|661.001
35|187.001
36|971.001
37|935.001
38|12.001
39|296.001
40|459.001
41|346.001
42|496.001
43|438.001
44|467.001
45|841.001
46|704.001
47|5.001
48|347.001
49|174.001
50|544.001
51|837.001
52|545.001
53|453.001
54|443.001
55|207.001
56|429.001
57|398.001
58|33.001
59|280.001
60|725.001
61|798.001
62|110.001
63|104.001
64|882.001
65|670.001
66|918.001
67|787.001
68|501.001
69|269.001
70|385.001
71|90.001
72|313.001
73|497.001
74|604.001
75|154.001
76|213.001
77|167.001
78|152.001
79|296.001
80|246.001
81|91.001
82|811.001
83|71.001
84|51.001
85|990.001
86|641.001
87|85.001
88|600.001
89|291.001
90|354.001
91|996.001
92|562.001
93|343.001
94|588.001
95|926.001
96|713.001
97|660.001
98|396.001
99|805.001
100|424.001
101|692.001
102|839.001
103|527.001
104|870.001
105|434.001
106|512.001
107|350.001
108|615.001
109|980.001
110|730.001
111|597.001
112|614.001
113|442.001
114|617.001
115|410.001
116|639.001
117|264.001
118|978.001
119|718.001
120|991.001
121|214.001
122|87.001
123|645.001
124|147.001
125|52.001
126|460.001
127|540.001
128|821.001
129|654.001
130|887.001
131|474.001
132|662.001
133|241.001
134|682.001
135|92.001
136|274.001
137|116.001
138|780.001
139|129.001
140|219.001
141|592.001
142|770.001
143|853.001
144|921.001
145|723.001
146|636.001
147|29.001
148|236.001
149|125.001
150|918.001
151|407.001
152|43.001
153|957.001
154|317.001
155|310.001
156|638.001
157|39.001
158|991.001
159|122.001
160|961.001
161|636.001
162|980.001
163|380.001
164|168.001
165|586.001
166|527.001
167|492.001
168|598.001
169|230.001
170|804.001
171|404.001
172|916.001
173|117.001
174|712.001
175|732.001
176|367.001
177|553.001
178|352.001
179|194.001
180|199.001
181|126.001
182|562.001
183|59.001
184|867.001
185|846.001
186|398.001
187|899.001
188|794.001
189|184.001
190|846.001
191|284.001
192|294.001
193|322.001
194|43.001
195|801.001
196|890.001
197|474.001
198|447.001
199|752.001
200|144.001
201|932.001
202|224.001
203|207.001
204|194.001
205|340.001
206|376.001
207|367.001
208|270.001
209|217.001
210|271.001
211|412.001
212|700.001
213|143.001
214|651.001
215|402.001
216|652.001
217|244.001
218|796.001
219|952.001
220|247.001
221|661.001
222|74.001
223|751.001
224|517.001
225|937.001
226|731.001
227|702.001
228|319.001
229|867.001
230|256.001
231|869.001
232|224.001
233|138.001
234|225.001
235|395.001
236|548.001
237|316.001
238|165.001
239|875.001
240|849.001
241|211.001
242|699.001
243|749.001
244|296.001
245|573.001
246|585.001
247|841.001
248|262.001
249|410.001
250|827.001
251|813.001
252|994.001
253|260.001
254|254.001
255|426.001
256|513.001
257|990.001
258|319.001
259|956.001
260|258.001
261|682.001
262|834.001
263|30.001
264|844.001
265|488.001
266|787.001
267|87.001
268|479.001
269|55.001
270|542.001
271|671.001
272|538.001
273|230.001
274|708.001
275|90.001
276|631.001
277|422.001
278|773.001
279|100.001
280|593.001
281|963.001
282|894.001
283|430.001
284|742.001
285|261.001
286|972.001
287|238.001
288|796.001
289|320.001
290|416.001
291|856.001
292|935.001
293|515.001
294|269.001
295|989.001
296|204.001
297|862.001
298|145.001
299|570.001
300|911.001
301|469.001
302|71.001
303|319.001
304|230.001
305|298.001
306|761.001
307|602.001
308|776.001
309|247.001
310|406.001
311|911.001
312|908.001
313|205.001
314|322.001
315|469.001
316|470.001
317|199.001
318|985.001
319|229.001
320|844.001
321|821.001
322|245.001
323|122.001
324|515.001
325|412.001
326|196.001
327|344.001
328|159.001
329|651.001
330|73.001
331|747.001
332|315.001
333|909.001
334|923.001
335|423.001
336|220.001
337|328.001
338|690.001
339|657.001
340|19.001
341|428.001
342|595.001
343|736.001
344|829.001
345|38.001
346|311.001
347|784.001
348|35.001
349|412.001
350|174.001
351|346.001
352|75.001
353|496.001
354|360.001
355|279.001
356|978.001
357|135.001
358|468.001
359|373.001
360|822.001
361|815.001
362|291.001
363|226.001
364|949.001
365|685.001
366|230.001
367|689.001
368|91.001
369|761.001
370|501.001
371|890.001
372|666.001
373|191.001
374|391.001
375|967.001
376|549.001
377|954.001
378|554.001
379|583.001
380|787.001
381|724.001
382|750.001
383|79.001
384|207.001
385|999.001
386|454.001
387|371.001
388|111.001
389|766.001
390|408.001
391|896.001
392|300.001
393|578.001
394|140.001
395|12.001
396|54.001
397|429.001
398|582.001
399|12.001
400|115.001
401|948.001
402|249.001
403|680.001
404|344.001
405|729.001
406|111.001
407|535.001
408|817.001
409|795.001
410|229.001
411|572.001
412|57.001
413|95.001
414|513.001
415|315.001
416|642.001
417|868.001
418|981.001
419|502.001
420|657.001
421|940.001
422|601.001
423|500.001
424|182.001
425|358.001
426|242.001
427|277.001
428|754.001
429|411.001
430|581.001
431|36.001
432|524.001
433|958.001
434|792.001
435|465.001
436|644.001
437|674.001
438|122.001
439|569.001
440|53.001
441|306.001
442|523.001
443|848.001
444|370.001
445|206.001
446|48.001
447|292.001
448|818.001
449|345.001
450|559.001
451|540.001
452|424.001
453|565.001
454|146.001
455|442.001
456|430.001
457|572.001
458|726.001
459|338.001
460|466.001
461|213.001
462|108.001
463|146.001
464|649.001
465|143.001
466|521.001
467|899.001
468|713.001
469|54.001
470|719.001
471|435.001
472|462.001
473|921.001
474|61.001
475|314.001
476|830.001
477|406.001
478|76.001
479|727.001
480|318.001
481|154.001
482|905.001
483|85.001
484|257.001
485|864.001
486|16.001
487|238.001
488|7.001
489|519.001
490|110.001
491|261.001
492|670.001
493|441.001
494|348.001
495|933.001
496|654.001
497|365.001
498|240.001
499|613.001
500|851.001
501|112.001
502|789.001
503|699.001
504|694.001
505|423.001
506|790.001
507|618.001
508|144.001
509|90.001
510|762.001
511|24.001
512|263.001
513|719.001
514|583.001
515|873.001
516|255.001
517|204.001
518|108.001
519|397.001
520|150.001
521|455.001
522|433.001
523|467.001
524|801.001
525|691.001
526|904.001
527|612.001
528|881.001
529|201.001
530|175.001
531|205.001
532|698.001
533|194.001
534|677.001
535|964.001
536|231.001
537|476.001
538|465.001
539|224.001
540|439.001
541|742.001
542|713.001
543|442.001
544|835.001
545|130.001
546|545.001
547|798.001
548|204.001
549|50.001
550|374.001
551|564.001
552|731.001
553|525.001
554|47.001
555|999.001
556|540.001
557|314.001
558|163.001
559|498.001
560|997.001
561|554.001
562|59.001
563|62.001
564|125.001
565|13.001
566|919.001
567|472.001
568|641.001
569|58.001
570|598.001
571|146.001
572|930.001
573|758.001
574|728.001
575|633.001
576|856.001
577|217.001
578|825.001
579|522.001
580|137.001
581|328.001
582|831.001
583|718.001
584|447.001
585|576.001
586|357.001
587|499.001
588|595.001
589|415.001
590|579.001
591|165.001
592|268.001
593|421.001
594|451.001
595|428.001
596|4.001
597|722.001
598|684.001
599|732.001
600|607.001
601|257.001
602|521.001
603|909.001
604|775.001
605|797.001
606|36.001
607|175.001
608|653.001
609|98.001
610|848.001
611|596.001
612|254.001
613|650.001
614|312.001
615|370.001
616|815.001
617|343.001
618|115.001
619|561.001
620|913.001
621|724.001
622|46.001
623|462.001
624|169.001
625|678.001
626|865.001
627|644.001
628|514.001
629|338.001
630|596.001
631|888.001
632|376.001
633|202.001
634|161.001
635|740.001
636|669.001
637|681.001
638|896.001
639|830.001
640|2.001
641|897.001
642|229.001
643|468.001
644|746.001
645|446.001
646|890.001
647|109.001
648|597.001
649|537.001
650|359.001
651|853.001
652|699.001
653|650.001
654|522.001
655|226.001
656|865.001
657|130.001
658|837.001
659|136.001
660|112.001
661|361.001
662|124.001
663|294.001
664|667.001
665|200.001
666|108.001
667|760.001
668|462.001
669|578.001
670|949.001
671|479.001
672|395.001
673|959.001
674|263.001
675|804.001
676|33.001
677|300.001
678|972.001
679|209.001
680|648.001
681|645.001
682|687.001
683|389.001
684|236.001
685|789.001
686|707.001
687|78.001
688|225.001
689|741.001
690|864.001
691|667.001
692|71.001
693|371.001
694|171.001
695|91.001
696|199.001
697|944.001
698|824.001
699|876.001
700|826.001
701|349.001
702|930.001
703|483.001
704|496.001
705|278.001
706|486.001
707|879.001
708|866.001
709|738.001
710|76.001
711|996.001
712|762.001
713|270.001
714|590.001
715|58.001
716|688.001
717|196.001
718|656.001
719|1.001
720|684.001
721|475.001
722|275.001
723|473.001
724|939.001
725|96.001
726|264.001
727|425.001
728|835.001
729|28.001
730|448.001
731|758.001
732|286.001
733|630.001
734|966.001
735|168.001
736|685.001
737|865.001
738|267.001
739|232.001
740|453.001
741|495.001
742|802.001
743|440.001
744|739.001
745|868.001
746|451.001
747|433.001
748|88.001
749|412.001
750|794.001
751|74.001
752|418.001
753|17.001
754|194.001
755|343.001
756|181.001
757|58.001
758|842.001
759|998.001
760|499.001
761|126.001
762|907.001
763|496.001
764|208.001
765|382.001
766|223.001
767|675.001
768|855.001
769|146.001
770|338.001
771|791.001
772|681.001
773|583.001
774|281.001
775|693.001
776|18.001
777|360.001
778|510.001
779|756.001
780|718.001
781|615.001
782|312.001
783|142.001
784|67.001
785|773.001
786|100.001
787|450.001
788|389.001
789|886.001
790|110.001
791|119.001
792|599.001
793|621.001
794|111.001
795|305.001
796|698.001
797|584.001
798|168.001
799|460.001
800|447.001
801|35.001
802|933.001
803|737.001
804|363.001
805|739.001
806|292.001
807|698.001
808|166.001
809|226.001
810|335.001
811|908.001
812|873.001
813|13.001
814|538.001
815|114.001
816|248.001
817|720.001
818|400.001
819|909.001
820|341.001
821|723.001
822|698.001
823|375.001
824|293.001
825|492.001
826|147.001
827|117.001
828|636.001
829|186.001
830|236.001
831|987.001
832|396.001
833|748.001
834|101.001
835|919.001
836|951.001
837|798.001
838|360.001
839|917.001
840|237.001
841|893.001
842|431.001
843|699.001
844|353.001
845|607.001
846|435.001
847|518.001
848|369.001
849|671.001
850|488.001
851|576.001
852|793.001
853|432.001
854|434.001
855|24.001
856|877.001
857|388.001
858|515.001
859|783.001
860|222.001
861|224.001
862|591.001
863|308.001
864|814.001
865|414.001
866|195.001
867|420.001
868|678.001
869|941.001
870|607.001
871|392.001
872|488.001
873|742.001
874|555.001
875|427.001
876|574.001
877|965.001
878|276.001
879|694.001
880|163.001
881|873.001
882|85.001
883|103.001
884|795.001
885|436.001
886|33.001
887|653.001
888|872.001
889|318.001
890|116.001
891|238.001
892|243.001
893|615.001
894|600.001
895|68.001
896|701.001
897|861.001
898|34.001
899|667.001
900|985.001
901|599.001
902|645.001
903|509.001
904|934.001
905|373.001
906|986.001
907|509.001
908|595.001
909|349.001
910|401.001
911|932.001
912|228.001
913|466.001
914|175.001
915|741.001
916|677.001
917|143.001
918|317.001
919|613.001
920|968.001
921|538.001
922|788.001
923|456.001
924|240.001
925|707.001
926|575.001
927|922.001
928|651.001
929|731.001
930|694.001
931|683.001
932|338.001
933|462.001
934|787.001
935|784.001
936|774.001
937|950.001
938|502.001
939|255.001
940|955.001
941|263.001
942|26.001
943|979.001
944|595.001
945|122.001
946|778.001
947|748.001
948|708.001
949|459.001
950|990.001
951|109.001
952|83.001
953|997.001
954|992.001
955|307.001
956|509.001
957|264.001
958|779.001
959|498.001
960|462.001
961|463.001
962|41.001
963|780.001
964|524.001
965|106.001
966|548.001
967|194.001
968|827.001
969|63.001
970|248.001
971|310.001
972|506.001
973|805.001
974|247.001
975|925.001
976|937.001
977|937.001
978|402.001
979|582.001
980|353.001
981|664.001
982|333.001
983|527.001
984|54.001
985|750.001
986|857.001
987|51.001
988|17.001
989|505.001
990|209.001
991|144.001
992|65.001
993|285.001
994|535.001
995|665.001
996|118.001
997|263.001
998|592.001
999|63.001
