1|407.001
2|884.001
3|796.001
4|555.001
5|587.001
6|320.001
7|566.001
8|549.001
9|879.001
10|336.001
11|856.001
12|445.001
13|77.001
14|902.001
15|357.001
16|768.001
17|943.001
18|651.001
19|238.001
20|843.001
21|287.001
22|356.001
23|721.001
24|409.001
25|485.001
26|771.001
27|423.001
28|563.001
29|229.001
30|606.001
31|23.001
32|421.001
33|849.001
34|947.001
35|872.001
36|542.001
37|393.001
38|950.001
39|302.001
40|174.001
41|190.001
42|152.001
43|977.001
44|230.001
45|503.001
46|930.001
47|633.001
48|720.001
49|172.001
50|725.001
51|689.001
52|837.001
53|983.001
54|294.001
55|145.001
56|198.001
57|808.001
58|705.001
59|380.001
60|234.001
61|936.001
62|88.001
63|880.001
64|507.001
65|868.001
66|551.001
67|706.001
68|974.001
69|822.001
70|917.001
71|143.001
72|532.001
73|969.001
74|613.001
75|53.001
76|533.001
77|273.001
78|768.001
79|5.001
80|311.001
81|571.001
82|702.001
83|266.001
84|986.001
85|49.001
86|835.001
87|61.001
88|960.001
89|310.001
90|496.001
91|89.001
92|104.001
93|794.001
94|706.001
95|907.001
96|443.001
97|688.001
98|390.001
99|746.001
100|155.001
101|723.001
102|280.001
103|964.001
104|466.001
105|246.001
106|32.001
107|847.001
108|46.001
109|778.001
110|668.001
111|300.001
112|745.001
113|261.001
114|874.001
115|220.001
116|745.001
117|616.001
118|878.001
119|296.001
120|807.001
121|257.001
122|418.001
123|541.001
124|844.001
125|627.001
126|931.001
127|608.001
128|699.001
129|495.001
130|982.001
131|526.001
132|628.001
133|658.001
134|943.001
135|951.001
136|556.001
137|690.001
138|261.001
139|423.001
140|665.001
141|602.001
142|256.001
143|447.001
144|528.001
145|177.001
146|328.001
147|921.001
148|363.001
149|387.001
150|230.001
151|27.001
152|706.001
153|51.001
154|10.001
155|262.001
156|911.001
157|463.001
158|339.001
159|48.001
160|419.001
161|192.001
162|2.001
163|78.001
164|120.001
165|724.001
166|516.001
167|108.001
168|177.001
169|805.001
170|430.001
171|63.001
172|470.001
173|787.001
174|578.001
175|83.001
176|676.001
177|351.001
178|955.001
179|280.001
180|682.001
181|411.001
182|704.001
183|429.001
184|64.001
185|879.001
186|340.001
187|276.001
188|219.001
189|416.001
190|958.001
191|747.001
192|262.001
193|906.001
194|151.001
195|426.001
196|127.001
197|319.001
198|285.001
199|664.001
200|570.001
201|895.001
202|440.001
203|614.001
204|649.001
205|686.001
206|634.001
207|166.001
208|635.001
209|600.001
210|548.001
211|496.001
212|178.001
213|406.001
214|866.001
215|406.001
216|26.001
217|33.001
218|206.001
219|495.001
220|902.001
221|896.001
222|359.001
223|817.001
224|828.001
225|825.001
226|510.001
227|715.001
228|856.001
229|452.001
230|212.001
231|54.001
232|307.001
233|842.001
234|503.001
235|35.001
236|293.001
237|574.001
238|312.001
239|938.001
240|975.001
241|80.001
242|306.001
243|529.001
244|47.001
245|542.001
246|717.001
247|908.001
248|121.001
249|816.001
250|313.001
251|445.001
252|164.001
253|315.001
254|995.001
255|244.001
256|414.001
257|195.001
258|316.001
259|308.001
260|166.001
261|846.001
262|496.001
263|482.001
264|934.001
265|230.001
266|452.001
267|859.001
268|601.001
269|629.001
270|235.001
271|251.001
272|739.001
273|577.001
274|907.001
275|320.001
276|600.001
277|882.001
278|533.001
279|99.001
280|895.001
281|371.001
282|368.001
283|56.001
284|477.001
285|537.001
286|604.001
287|906.001
288|527.001
289|29.001
290|543.001
291|974.001
292|288.001
293|106.001
294|542.001
295|523.001
296|922.001
297|950.001
298|898.001
299|692.001
300|583.001
301|659.001
302|597.001
303|210.001
304|224.001
305|245.001
306|931.001
307|819.001
308|128.001
309|420.001
310|349.001
311|748.001
312|109.001
313|994.001
314|271.001
315|135.001
316|372.001
317|422.001
318|440.001
319|352.001
320|993.001
321|624.001
322|341.001
323|274.001
324|437.001
325|12.001
326|940.001
327|89.001
328|103.001
329|438.001
330|73.001
331|97.001
332|66.001
333|94.001
334|76.001
335|700.001
336|347.001
337|876.001
338|934.001
339|518.001
340|147.001
341|888.001
342|575.001
343|90.001
344|457.001
345|238.001
346|500.001
347|376.001
348|445.001
349|903.001
350|569.001
351|867.001
352|38.001
353|195.001
354|456.001
355|552.001
356|695.001
357|443.001
358|391.001
359|335.001
360|602.001
361|467.001
362|51.001
363|48.001
364|498.001
365|831.001
366|649.001
367|125.001
368|444.001
369|162.001
370|686.001
371|911.001
372|173.001
373|835.001
374|444.001
375|722.001
376|573.001
377|410.001
378|32.001
379|456.001
380|551.001
381|573.001
382|57.001
383|95.001
384|74.001
385|89.001
386|531.001
387|272.001
388|89.001
389|547.001
390|132.001
391|675.001
392|677.001
393|185.001
394|808.001
395|903.001
396|370.001
397|111.001
398|732.001
399|435.001
400|653.001
401|468.001
402|948.001
403|877.001
404|493.001
405|881.001
406|24.001
407|333.001
408|992.001
409|659.001
410|205.001
411|950.001
412|136.001
413|97.001
414|878.001
415|914.001
416|903.001
417|173.001
418|683.001
419|133.001
420|299.001
421|827.001
422|66.001
423|595.001
424|384.001
425|318.001
426|597.001
427|756.001
428|593.001
429|586.001
430|644.001
431|90.001
432|591.001
433|762.001
434|855.001
435|13.001
436|501.001
437|467.001
438|924.001
439|348.001
440|570.001
441|814.001
442|625.001
443|767.001
444|991.001
445|254.001
446|962.001
447|229.001
448|794.001
449|841.001
450|192.001
451|63.001
452|99.001
453|261.001
454|388.001
455|135.001
456|459.001
457|854.001
458|259.001
459|573.001
460|193.001
461|740.001
462|234.001
463|870.001
464|268.001
465|852.001
466|400.001
467|191.001
468|910.001
469|39.001
470|174.001
471|552.001
472|251.001
473|32.001
474|349.001
475|566.001
476|981.001
477|978.001
478|267.001
479|959.001
480|30.001
481|832.001
482|145.001
483|114.001
484|408.001
485|63.001
486|215.001
487|359.001
488|119.001
489|194.001
490|304.001
491|286.001
492|461.001
493|947.001
494|56.001
495|784.001
496|627.001
497|965.001
498|144.001
499|984.001
500|195.001
501|812.001
502|67.001
503|604.001
504|268.001
505|237.001
506|536.001
507|984.001
508|320.001
509|657.001
510|690.001
511|896.001
512|305.001
513|150.001
514|20.001
515|331.001
516|963.001
517|181.001
518|551.001
519|101.001
520|512.001
521|2.001
522|562.001
523|830.001
524|761.001
525|293.001
526|397.001
527|13.001
528|665.001
529|99.001
530|877.001
531|792.001
532|760.001
533|72.001
534|154.001
535|674.001
536|819.001
537|507.001
538|57.001
539|960.001
540|312.001
541|725.001
542|844.001
543|74.001
544|371.001
545|426.001
546|168.001
547|652.001
548|270.001
549|556.001
550|129.001
551|843.001
552|265.001
553|24.001
554|408.001
555|388.001
556|100.001
557|858.001
558|97.001
559|503.001
560|607.001
561|739.001
562|797.001
563|887.001
564|147.001
565|465.001
566|119.001
567|708.001
568|227.001
569|415.001
570|265.001
571|637.001
572|591.001
573|842.001
574|27.001
575|77.001
576|98.001
577|434.001
578|130.001
579|165.001
580|456.001
581|790.001
582|385.001
583|319.001
584|890.001
585|116.001
586|399.001
587|921.001
588|530.001
589|13.001
590|461.001
591|812.001
592|157.001
593|960.001
594|895.001
595|207.001
596|863.001
597|814.001
598|751.001
599|64.001
600|372.001
601|512.001
602|469.001
603|206.001
604|96.001
605|59.001
606|346.001
607|980.001
608|189.001
609|318.001
610|736.001
611|444.001
612|703.001
613|415.001
614|131.001
615|828.001
616|918.001
617|778.001
618|604.001
619|909.001
620|97.001
621|456.001
622|238.001
623|773.001
624|538.001
625|522.001
626|150.001
627|356.001
628|14.001
629|320.001
630|221.001
631|728.001
632|938.001
633|376.001
634|29.001
635|585.001
636|281.001
637|781.001
638|354.001
639|653.001
640|561.001
641|955.001
642|809.001
643|709.001
644|405.001
645|226.001
646|396.001
647|519.001
648|711.001
649|442.001
650|664.001
651|256.001
652|436.001
653|634.001
654|965.001
655|370.001
656|424.001
657|630.001
658|692.001
659|895.001
660|975.001
661|884.001
662|187.001
663|144.001
664|793.001
665|47.001
666|494.001
667|120.001
668|814.001
669|714.001
670|373.001
671|293.001
672|770.001
673|179.001
674|301.001
675|577.001
676|91.001
677|634.001
678|6.001
679|436.001
680|554.001
681|655.001
682|452.001
683|859.001
684|410.001
685|299.001
686|471.001
687|617.001
688|106.001
689|792.001
690|535.001
691|63.001
692|628.001
693|276.001
694|381.001
695|164.001
696|492.001
697|769.001
698|311.001
699|2.001
700|670.001
701|662.001
702|830.001
703|294.001
704|152.001
705|742.001
706|311.001
707|834.001
708|949.001
709|848.001
710|957.001
711|784.001
712|215.001
713|983.001
714|259.001
715|363.001
716|965.001
717|51.001
718|66.001
719|315.001
720|600.001
721|187.001
722|785.001
723|594.001
724|250.001
725|244.001
726|671.001
727|255.001
728|830.001
729|606.001
730|874.001
731|897.001
732|41.001
733|391.001
734|199.001
735|49.001
736|544.001
737|288.001
738|279.001
739|919.001
740|363.001
741|162.001
742|464.001
743|296.001
744|457.001
745|600.001
746|102.001
747|383.001
748|290.001
749|165.001
750|23.001
751|832.001
752|420.001
753|715.001
754|200.001
755|253.001
756|20.001
757|915.001
758|485.001
759|989.001
760|554.001
761|937.001
762|396.001
763|945.001
764|941.001
765|692.001
766|747.001
767|905.001
768|650.001
769|820.001
770|609.001
771|834.001
772|134.001
773|730.001
774|763.001
775|260.001
776|19.001
777|597.001
778|626.001
779|737.001
780|909.001
781|23.001
782|649.001
783|23.001
784|209.001
785|631.001
786|739.001
787|733.001
788|318.001
789|308.001
790|886.001
791|281.001
792|254.001
793|88.001
794|418.001
795|815.001
796|634.001
797|650.001
798|144.001
799|192.001
800|277.001
801|991.001
802|822.001
803|947.001
804|541.001
805|850.001
806|620.001
807|4.001
808|112.001
809|683.001
810|170.001
811|55.001
812|633.001
813|200.001
814|965.001
815|943.001
816|158.001
817|660.001
818|334.001
819|682.001
820|915.001
821|843.001
822|110.001
823|257.001
824|763.001
825|15.001
826|631.001
827|386.001
828|934.001
829|719.001
830|83.001
831|787.001
832|777.001
833|324.001
834|161.001
835|820.001
836|203.001
837|540.001
838|444.001
839|744.001
840|426.001
841|127.001
842|455.001
843|169.001
844|88.001
845|547.001
846|546.001
847|522.001
848|39.001
849|742.001
850|16.001
851|612.001
852|701.001
853|808.001
854|113.001
855|78.001
856|181.001
857|426.001
858|881.001
859|537.001
860|78.001
861|432.001
862|506.001
863|672.001
864|859.001
865|291.001
866|250.001
867|504.001
868|694.001
869|139.001
870|140.001
871|525.001
872|371.001
873|776.001
874|155.001
875|309.001
876|795.001
877|406.001
878|334.001
879|325.001
880|28.001
881|923.001
882|91.001
883|892.001
884|589.001
885|357.001
886|306.001
887|694.001
888|147.001
889|793.001
890|349.001
891|45.001
892|80.001
893|26.001
894|762.001
895|11.001
896|443.001
897|647.001
898|789.001
899|257.001
900|937.001
901|457.001
902|968.001
903|894.001
904|843.001
905|345.001
906|801.001
907|455.001
908|973.001
909|286.001
910|426.001
911|343.001
912|614.001
913|929.001
914|832.001
915|798.001
916|91.001
917|701.001
918|894.001
919|458.001
920|403.001
921|677.001
922|503.001
923|862.001
924|126.001
925|605.001
926|222.001
927|353.001
928|218.001
929|427.001
930|704.001
931|740.001
932|507.001
933|395.001
934|3.001
935|301.001
936|937.001
937|943.001
938|874.001
939|821.001
940|405.001
941|181.001
942|332.001
943|147.001
944|917.001
945|389.001
946|230.001
947|739.001
948|52.001
949|882.001
950|680.001
951|392.001
952|478.001
953|240.001
954|624.001
955|148.001
956|509.001
957|631.001
958|66.001
959|662.001
960|598.001
961|510.001
962|576.001
963|588.001
964|607.001
965|137.001
966|529.001
967|927.001
968|831.001
969|195.001
970|229.001
971|55.001
972|285.001
973|463.001
974|526.001
975|71.001
976|444.001
977|238.001
978|967.001
979|784.001
980|757.001
981|800.001
982|734.001
983|639.001
984|326.001
985|562.001
986|491.001
987|157.001
988|187.001
989|236.001
990|973.001
991|151.001
992|69.001
993|841.001
994|463.001
995|584.001
996|718.001
997|921.001
998|767.001
999|199.001
