1|807.001
2|107.001
3|601.001
4|867.001
5|849.001
6|233.001
7|884.001
8|78.001
9|605.001
10|667.001
11|66.001
12|471.001
13|779.001
14|446.001
15|944.001
16|869.001
17|780.001
18|689.001
19|956.001
20|187.001
21|339.001
22|12.001
23|495.001
24|810.001
25|372.001
26|597.001
27|227.001
28|508.001
29|18.001
30|140.001
31|14.001
32|469.001
33|301.001
34|782.001
35|531.001
36|849.001
37|62.001
38|186.001
39|302.001
40|336.001
41|329.001
42|330.001
43|871.001
44|428.001
45|112.001
46|757.001
47|104.001
48|951.001
49|525.001
50|316.001
51|428.001
52|64.001
53|16.001
54|999.001
55|372.001
56|870.001
57|716.001
58|426.001
59|61.001
60|311.001
61|45.001
62|47.001
63|61.001
64|848.001
65|295.001
66|258.001
67|883.001
68|306.001
69|228.001
70|389.001
71|844.001
72|362.001
73|539.001
74|122.001
75|683.001
76|421.001
77|989.001
78|868.001
79|62.001
80|891.001
81|142.001
82|104.001
83|759.001
84|911.001
85|426.001
86|114.001
87|864.001
88|881.001
89|406.001
90|884.001
91|702.001
92|374.001
93|833.001
94|818.001
95|514.001
96|968.001
97|494.001
98|511.001
99|59.001
100|787.001
101|513.001
102|965.001
103|219.001
104|181.001
105|507.001
106|243.001
107|746.001
108|663.001
109|317.001
110|550.001
111|588.001
112|379.001
113|203.001
114|536.001
115|642.001
116|431.001
117|841.001
118|157.001
119|580.001
120|973.001
121|652.001
122|130.001
123|833.001
124|449.001
125|450.001
126|501.001
127|831.001
128|191.001
129|302.001
130|222.001
131|946.001
132|534.001
133|559.001
134|816.001
135|251.001
136|776.001
137|405.001
138|601.001
139|439.001
140|322.001
141|529.001
142|522.001
143|582.001
144|994.001
145|172.001
146|977.001
147|257.001
148|654.001
149|541.001
150|291.001
151|955.001
152|854.001
153|132.001
154|398.001
155|5.001
156|924.001
157|282.001
158|557.001
159|483.001
160|170.001
161|46.001
162|53.001
163|533.001
164|299.001
165|33.001
166|389.001
167|838.001
168|491.001
169|305.001
170|309.001
171|127.001
172|756.001
173|749.001
174|543.001
175|59.001
176|160.001
177|855.001
178|191.001
179|28.001
180|709.001
181|368.001
182|742.001
183|748.001
184|776.001
185|714.001
186|989.001
187|10.001
188|410.001
189|242.001
190|93.001
191|682.001
192|696.001
193|443.001
194|289.001
195|859.001
196|566.001
197|152.001
198|818.001
199|276.001
200|703.001
201|519.001
202|172.001
203|774.001
204|864.001
205|214.001
206|79.001
207|389.001
208|720.001
209|67.001
210|233.001
211|798.001
212|839.001
213|278.001
214|717.001
215|903.001
216|310.001
217|580.001
218|324.001
219|751.001
220|568.001
221|420.001
222|333.001
223|239.001
224|452.001
225|754.001
226|435.001
227|43.001
228|385.001
229|587.001
230|49.001
231|425.001
232|847.001
233|263.001
234|398.001
235|954.001
236|419.001
237|221.001
238|25.001
239|311.001
240|781.001
241|333.001
242|287.001
243|214.001
244|685.001
245|830.001
246|151.001
247|626.001
248|726.001
249|669.001
250|429.001
251|194.001
252|773.001
253|612.001
254|67.001
255|917.001
256|402.001
257|360.001
258|674.001
259|971.001
260|154.001
261|975.001
262|747.001
263|694.001
264|166.001
265|408.001
266|770.001
267|404.001
268|370.001
269|942.001
270|635.001
271|915.001
272|382.001
273|833.001
274|552.001
275|517.001
276|160.001
277|337.001
278|165.001
279|858.001
280|7.001
281|21.001
282|315.001
283|552.001
284|857.001
285|766.001
286|166.001
287|605.001
288|589.001
289|795.001
290|811.001
291|697.001
292|314.001
293|131.001
294|631.001
295|930.001
296|607.001
297|107.001
298|565.001
299|560.001
300|866.001
301|360.001
302|115.001
303|57.001
304|882.001
305|235.001
306|248.001
307|179.001
308|404.001
309|213.001
310|304.001
311|966.001
312|337.001
313|529.001
314|635.001
315|16.001
316|903.001
317|581.001
318|898.001
319|487.001
320|841.001
321|606.001
322|918.001
323|759.001
324|642.001
325|415.001
326|539.001
327|287.001
328|676.001
329|544.001
330|385.001
331|723.001
332|895.001
333|312.001
334|986.001
335|538.001
336|468.001
337|299.001
338|699.001
339|602.001
340|519.001
341|106.001
342|380.001
343|141.001
344|863.001
345|272.001
346|195.001
347|304.001
348|568.001
349|657.001
350|951.001
351|697.001
352|408.001
353|89.001
354|326.001
355|31.001
356|793.001
357|715.001
358|103.001
359|392.001
360|337.001
361|984.001
362|145.001
363|911.001
364|143.001
365|574.001
366|533.001
367|787.001
368|964.001
369|426.001
370|275.001
371|806.001
372|12.001
373|929.001
374|975.001
375|899.001
376|701.001
377|232.001
378|285.001
379|703.001
380|599.001
381|859.001
382|619.001
383|260.001
384|869.001
385|343.001
386|194.001
387|940.001
388|64.001
389|925.001
390|586.001
391|674.001
392|205.001
393|225.001
394|950.001
395|519.001
396|190.001
397|474.001
398|834.001
399|68.001
400|323.001
401|633.001
402|880.001
403|617.001
404|665.001
405|684.001
406|653.001
407|957.001
408|562.001
409|507.001
410|516.001
411|983.001
412|525.001
413|851.001
414|98.001
415|970.001
416|687.001
417|433.001
418|848.001
419|550.001
420|61.001
421|340.001
422|997.001
423|680.001
424|33.001
425|754.001
426|136.001
427|708.001
428|792.001
429|37.001
430|140.001
431|305.001
432|750.001
433|476.001
434|219.001
435|7.001
436|337.001
437|195.001
438|582.001
439|924.001
440|754.001
441|457.001
442|347.001
443|744.001
444|941.001
445|839.001
446|827.001
447|907.001
448|993.001
449|860.001
450|821.001
451|626.001
452|853.001
453|626.001
454|861.001
455|736.001
456|825.001
457|134.001
458|708.001
459|913.001
460|379.001
461|872.001
462|337.001
463|421.001
464|449.001
465|498.001
466|694.001
467|892.001
468|676.001
469|793.001
470|454.001
471|903.001
472|601.001
473|519.001
474|241.001
475|683.001
476|547.001
477|501.001
478|879.001
479|398.001
480|384.001
481|44.001
482|250.001
483|610.001
484|394.001
485|269.001
486|427.001
487|939.001
488|465.001
489|702.001
490|474.001
491|571.001
492|279.001
493|257.001
494|711.001
495|80.001
496|489.001
497|370.001
498|486.001
499|414.001
500|735.001
501|592.001
502|714.001
503|175.001
504|991.001
505|776.001
506|362.001
507|781.001
508|658.001
509|493.001
510|667.001
511|708.001
512|649.001
513|886.001
514|203.001
515|220.001
516|775.001
517|256.001
518|630.001
519|397.001
520|367.001
521|305.001
522|145.001
523|846.001
524|162.001
525|24.001
526|918.001
527|314.001
528|758.001
529|277.001
530|160.001
531|453.001
532|916.001
533|375.001
534|790.001
535|759.001
536|115.001
537|602.001
538|972.001
539|326.001
540|182.001
541|183.001
542|948.001
543|982.001
544|60.001
545|190.001
546|835.001
547|482.001
548|303.001
549|543.001
550|620.001
551|962.001
552|556.001
553|170.001
554|866.001
555|6.001
556|553.001
557|831.001
558|652.001
559|720.001
560|69.001
561|551.001
562|243.001
563|527.001
564|805.001
565|273.001
566|573.001
567|726.001
568|621.001
569|953.001
570|744.001
571|260.001
572|645.001
573|251.001
574|256.001
575|662.001
576|902.001
577|973.001
578|86.001
579|653.001
580|294.001
581|232.001
582|198.001
583|38.001
584|780.001
585|301.001
586|985.001
587|242.001
588|399.001
589|90.001
590|746.001
591|57.001
592|174.001
593|306.001
594|155.001
595|674.001
596|737.001
597|441.001
598|134.001
599|713.001
600|570.001
601|312.001
602|866.001
603|331.001
604|434.001
605|256.001
606|106.001
607|121.001
608|505.001
609|522.001
610|319.001
611|114.001
612|0.001
613|934.001
614|308.001
615|415.001
616|574.001
617|708.001
618|482.001
619|300.001
620|914.001
621|249.001
622|474.001
623|707.001
624|215.001
625|771.001
626|358.001
627|494.001
628|592.001
629|574.001
630|85.001
631|473.001
632|253.001
633|843.001
634|924.001
635|28.001
636|546.001
637|41.001
638|535.001
639|669.001
640|95.001
641|637.001
642|557.001
643|270.001
644|140.001
645|727.001
646|622.001
647|656.001
648|293.001
649|464.001
650|57.001
651|832.001
652|395.001
653|187.001
654|845.001
655|995.001
656|615.001
657|328.001
658|556.001
659|812.001
660|407.001
661|332.001
662|711.001
663|818.001
664|606.001
665|839.001
666|93.001
667|966.001
668|168.001
669|188.001
670|788.001
671|521.001
672|407.001
673|922.001
674|894.001
675|681.001
676|120.001
677|813.001
678|784.001
679|804.001
680|709.001
681|924.001
682|398.001
683|717.001
684|467.001
685|987.001
686|343.001
687|494.001
688|573.001
689|799.001
690|629.001
691|275.001
692|294.001
693|452.001
694|558.001
695|243.001
696|705.001
697|233.001
698|376.001
699|335.001
700|88.001
701|299.001
702|94.001
703|532.001
704|194.001
705|121.001
706|804.001
707|332.001
708|32.001
709|312.001
710|36.001
711|378.001
712|290.001
713|261.001
714|268.001
715|766.001
716|89.001
717|294.001
718|305.001
719|207.001
720|581.001
721|225.001
722|540.001
723|354.001
724|185.001
725|100.001
726|8.001
727|27.001
728|693.001
729|228.001
730|386.001
731|824.001
732|817.001
733|821.001
734|651.001
735|357.001
736|238.001
737|539.001
738|321.001
739|535.001
740|41.001
741|203.001
742|758.001
743|528.001
744|484.001
745|888.001
746|554.001
747|17.001
748|244.001
749|274.001
750|496.001
751|393.001
752|489.001
753|586.001
754|981.001
755|755.001
756|531.001
757|108.001
758|714.001
759|77.001
760|151.001
761|177.001
762|845.001
763|748.001
764|459.001
765|383.001
766|265.001
767|572.001
768|344.001
769|539.001
770|6.001
771|33.001
772|326.001
773|565.001
774|405.001
775|909.001
776|690.001
777|105.001
778|615.001
779|598.001
780|742.001
781|458.001
782|779.001
783|293.001
784|349.001
785|649.001
786|603.001
787|579.001
788|799.001
789|984.001
790|243.001
791|978.001
792|11.001
793|78.001
794|361.001
795|583.001
796|224.001
797|412.001
798|152.001
799|497.001
800|206.001
801|272.001
802|409.001
803|780.001
804|948.001
805|108.001
806|926.001
807|766.001
808|155.001
809|97.001
810|56.001
811|306.001
812|766.001
813|351.001
814|753.001
815|479.001
816|131.001
817|531.001
818|487.001
819|976.001
820|765.001
821|276.001
822|787.001
823|815.001
824|812.001
825|867.001
826|397.001
827|787.001
828|120.001
829|679.001
830|469.001
831|645.001
832|634.001
833|6.001
834|571.001
835|692.001
836|649.001
837|801.001
838|467.001
839|184.001
840|77.001
841|402.001
842|310.001
843|240.001
844|69.001
845|616.001
846|39.001
847|547.001
848|6.001
849|130.001
850|585.001
851|856.001
852|746.001
853|940.001
854|590.001
855|684.001
856|372.001
857|454.001
858|393.001
859|905.001
860|305.001
861|452.001
862|402.001
863|559.001
864|195.001
865|660.001
866|45.001
867|903.001
868|838.001
869|913.001
870|389.001
871|154.001
872|767.001
873|498.001
874|787.001
875|420.001
876|396.001
877|747.001
878|959.001
879|743.001
880|661.001
881|370.001
882|967.001
883|407.001
884|137.001
885|686.001
886|655.001
887|101.001
888|411.001
889|178.001
890|557.001
891|913.001
892|507.001
893|200.001
894|544.001
895|757.001
896|8.001
897|792.001
898|825.001
899|342.001
900|417.001
901|115.001
902|450.001
903|570.001
904|157.001
905|858.001
906|854.001
907|769.001
908|633.001
909|540.001
910|198.001
911|450.001
912|319.001
913|333.001
914|119.001
915|625.001
916|54.001
917|725.001
918|541.001
919|626.001
920|76.001
921|837.001
922|271.001
923|339.001
924|500.001
925|903.001
926|859.001
927|7.001
928|644.001
929|510.001
930|819.001
931|603.001
932|788.001
933|945.001
934|253.001
935|895.001
936|406.001
937|659.001
938|28.001
939|204.001
940|658.001
941|858.001
942|236.001
943|882.001
944|721.001
945|511.001
946|886.001
947|243.001
948|624.001
949|825.001
950|687.001
951|300.001
952|14.001
953|240.001
954|449.001
955|749.001
956|66.001
957|137.001
958|578.001
959|750.001
960|968.001
961|170.001
962|503.001
963|329.001
964|379.001
965|309.001
966|600.001
967|231.001
968|431.001
969|873.001
970|401.001
971|58.001
972|102.001
973|926.001
974|767.001
975|668.001
976|931.001
977|175.001
978|835.001
979|679.001
980|822.001
981|609.001
982|614.001
983|436.001
984|890.001
985|957.001
986|497.001
987|944.001
988|958.001
989|909.001
990|865.001
991|582.001
992|520.001
993|401.001
994|421.001
995|358.001
996|633.001
997|556.001
998|315.001
999|785.001
