1|105.001
2|0.001
3|541.001
4|865.001
5|777.001
6|152.001
7|318.001
8|80.001
9|594.001
10|360.001
11|536.001
12|507.001
13|343.001
14|728.001
15|101.001
16|937.001
17|196.001
18|374.001
19|700.001
20|996.001
21|617.001
22|149.001
23|835.001
24|518.001
25|283.001
26|614.001
27|148.001
28|196.001
29|850.001
30|455.001
31|525.001
32|226.001
33|803.001
34|762.001
35|495.001
36|711.001
37|926.001
38|119.001
39|542.001
40|826.001
41|904.001
42|510.001
43|35.001
44|662.001
45|978.001
46|272.001
47|306.001
48|557.001
49|509.001
50|952.001
51|557.001
52|176.001
53|192.001
54|705.001
55|436.001
56|874.001
57|355.001
58|874.001
59|883.001
60|450.001
61|382.001
62|612.001
63|585.001
64|766.001
65|50.001
66|247.001
67|480.001
68|549.001
69|795.001
70|124.001
71|82.001
72|497.001
73|800.001
74|488.001
75|762.001
76|103.001
77|685.001
78|920.001
79|316.001
80|203.001
81|60.001
82|307.001
83|125.001
84|419.001
85|728.001
86|615.001
87|738.001
88|789.001
89|495.001
90|489.001
91|998.001
92|181.001
93|614.001
94|829.001
95|855.001
96|636.001
97|510.001
98|838.001
99|354.001
100|646.001
101|214.001
102|21.001
103|363.001
104|933.001
105|660.001
106|308.001
107|487.001
108|253.001
109|124.001
110|566.001
111|107.001
112|837.001
113|655.001
114|309.001
115|117.001
116|370.001
117|204.001
118|737.001
119|101.001
120|749.001
121|599.001
122|807.001
123|974.001
124|598.001
125|634.001
126|792.001
127|280.001
128|260.001
129|451.001
130|632.001
131|944.001
132|148.001
133|935.001
134|309.001
135|528.001
136|154.001
137|141.001
138|435.001
139|463.001
140|725.001
141|117.001
142|780.001
143|963.001
144|676.001
145|263.001
146|617.001
147|879.001
148|938.001
149|615.001
150|445.001
151|553.001
152|949.001
153|977.001
154|222.001
155|536.001
156|619.001
157|794.001
158|195.001
159|926.001
160|305.001
161|222.001
162|785.001
163|866.001
164|781.001
165|86.001
166|625.001
167|405.001
168|248.001
169|296.001
170|592.001
171|68.001
172|560.001
173|507.001
174|322.001
175|265.001
176|286.001
177|928.001
178|447.001
179|782.001
180|283.001
181|218.001
182|250.001
183|209.001
184|501.001
185|208.001
186|973.001
187|230.001
188|830.001
189|411.001
190|357.001
191|410.001
192|949.001
193|617.001
194|705.001
195|634.001
196|638.001
197|996.001
198|253.001
199|443.001
200|104.001
201|849.001
202|115.001
203|194.001
204|961.001
205|637.001
206|681.001
207|737.001
208|537.001
209|458.001
210|227.001
211|980.001
212|516.001
213|561.001
214|295.001
215|374.001
216|72.001
217|326.001
218|554.001
219|331.001
220|880.001
221|680.001
222|87.001
223|222.001
224|436.001
225|116.001
226|435.001
227|222.001
228|444.001
229|602.001
230|952.001
231|13.001
232|129.001
233|281.001
234|323.001
235|622.001
236|326.001
237|547.001
238|498.001
239|463.001
240|636.001
241|927.001
242|674.001
243|427.001
244|598.001
245|545.001
246|379.001
247|959.001
248|595.001
249|931.001
250|933.001
251|345.001
252|435.001
253|889.001
254|236.001
255|876.001
256|667.001
257|624.001
258|438.001
259|949.001
260|16.001
261|347.001
262|326.001
263|895.001
264|602.001
265|845.001
266|153.001
267|323.001
268|880.001
269|801.001
270|94.001
271|124.001
272|789.001
273|993.001
274|586.001
275|23.001
276|256.001
277|156.001
278|275.001
279|67.001
280|573.001
281|244.001
282|672.001
283|510.001
284|478.001
285|179.001
286|77.001
287|562.001
288|871.001
289|470.001
290|949.001
291|388.001
292|792.001
293|559.001
294|108.001
295|693.001
296|97.001
297|749.001
298|963.001
299|768.001
300|190.001
301|544.001
302|230.001
303|290.001
304|98.001
305|809.001
306|9.001
307|549.001
308|563.001
309|749.001
310|202.001
311|461.001
312|830.001
313|809.001
314|676.001
315|331.001
316|817.001
317|673.001
318|228.001
319|138.001
320|351.001
321|27.001
322|813.001
323|512.001
324|633.001
325|965.001
326|77.001
327|77.001
328|975.001
329|763.001
330|438.001
331|609.001
332|560.001
333|948.001
334|811.001
335|741.001
336|308.001
337|858.001
338|252.001
339|702.001
340|98.001
341|497.001
342|207.001
343|353.001
344|205.001
345|859.001
346|346.001
347|232.001
348|479.001
349|914.001
350|850.001
351|891.001
352|598.001
353|136.001
354|727.001
355|31.001
356|610.001
357|839.001
358|52.001
359|274.001
360|915.001
361|177.001
362|70.001
363|240.001
364|335.001
365|549.001
366|563.001
367|515.001
368|933.001
369|652.001
370|412.001
371|663.001
372|231.001
373|949.001
374|937.001
375|393.001
376|97.001
377|650.001
378|357.001
379|528.001
380|313.001
381|743.001
382|596.001
383|695.001
384|895.001
385|54.001
386|219.001
387|327.001
388|92.001
389|328.001
390|5.001
391|511.001
392|677.001
393|917.001
394|871.001
395|898.001
396|696.001
397|50.001
398|21.001
399|538.001
400|417.001
401|189.001
402|928.001
403|197.001
404|378.001
405|966.001
406|737.001
407|231.001
408|534.001
409|724.001
410|883.001
411|984.001
412|160.001
413|798.001
414|980.001
415|191.001
416|15.001
417|497.001
418|676.001
419|332.001
420|237.001
421|969.001
422|22.001
423|790.001
424|937.001
425|526.001
426|253.001
427|844.001
428|894.001
429|781.001
430|409.001
431|891.001
432|591.001
433|386.001
434|94.001
435|621.001
436|65.001
437|850.001
438|53.001
439|910.001
440|350.001
441|773.001
442|136.001
443|54.001
444|260.001
445|426.001
446|655.001
447|284.001
448|112.001
449|785.001
450|982.001
451|513.001
452|868.001
453|430.001
454|351.001
455|222.001
456|43.001
457|985.001
458|815.001
459|118.001
460|409.001
461|145.001
462|942.001
463|21.001
464|549.001
465|357.001
466|874.001
467|302.001
468|338.001
469|152.001
470|411.001
471|686.001
472|62.001
473|776.001
474|359.001
475|309.001
476|192.001
477|248.001
478|898.001
479|800.001
480|44.001
481|156.001
482|84.001
483|756.001
484|83.001
485|739.001
486|640.001
487|409.001
488|346.001
489|217.001
490|449.001
491|109.001
492|975.001
493|173.001
494|135.001
495|35.001
496|272.001
497|862.001
498|174.001
499|222.001
500|163.001
501|891.001
502|999.001
503|509.001
504|619.001
505|797.001
506|307.001
507|355.001
508|81.001
509|231.001
510|845.001
511|896.001
512|396.001
513|610.001
514|752.001
515|89.001
516|453.001
517|459.001
518|488.001
519|577.001
520|86.001
521|564.001
522|343.001
523|639.001
524|531.001
525|314.001
526|248.001
527|170.001
528|232.001
529|269.001
530|542.001
531|389.001
532|424.001
533|676.001
534|596.001
535|552.001
536|936.001
537|805.001
538|581.001
539|228.001
540|228.001
541|70.001
542|585.001
543|330.001
544|90.001
545|521.001
546|737.001
547|68.001
548|319.001
549|188.001
550|187.001
551|560.001
552|68.001
553|261.001
554|944.001
555|217.001
556|679.001
557|959.001
558|897.001
559|924.001
560|130.001
561|513.001
562|870.001
563|247.001
564|950.001
565|708.001
566|672.001
567|880.001
568|819.001
569|462.001
570|603.001
571|913.001
572|552.001
573|43.001
574|533.001
575|1.001
576|893.001
577|836.001
578|948.001
579|963.001
580|254.001
581|630.001
582|283.001
583|898.001
584|932.001
585|56.001
586|303.001
587|748.001
588|107.001
589|920.001
590|479.001
591|408.001
592|895.001
593|18.001
594|650.001
595|767.001
596|269.001
597|884.001
598|612.001
599|543.001
600|331.001
601|830.001
602|817.001
603|279.001
604|538.001
605|479.001
606|98.001
607|412.001
608|775.001
609|121.001
610|496.001
611|11.001
612|12.001
613|656.001
614|71.001
615|836.001
616|929.001
617|269.001
618|377.001
619|843.001
620|526.001
621|268.001
622|584.001
623|446.001
624|70.001
625|814.001
626|834.001
627|58.001
628|26.001
629|835.001
630|341.001
631|85.001
632|283.001
633|734.001
634|465.001
635|841.001
636|69.001
637|245.001
638|410.001
639|339.001
640|926.001
641|604.001
642|741.001
643|983.001
644|863.001
645|86.001
646|120.001
647|447.001
648|380.001
649|25.001
650|849.001
651|5.001
652|309.001
653|574.001
654|519.001
655|922.001
656|935.001
657|774.001
658|704.001
659|455.001
660|143.001
661|357.001
662|897.001
663|408.001
664|84.001
665|138.001
666|153.001
667|277.001
668|91.001
669|52.001
670|601.001
671|528.001
672|543.001
673|912.001
674|801.001
675|350.001
676|218.001
677|590.001
678|494.001
679|956.001
680|965.001
681|909.001
682|961.001
683|952.001
684|613.001
685|0.001
686|176.001
687|974.001
688|966.001
689|350.001
690|711.001
691|150.001
692|530.001
693|906.001
694|572.001
695|237.001
696|58.001
697|580.001
698|571.001
699|100.001
700|929.001
701|43.001
702|465.001
703|940.001
704|861.001
705|690.001
706|494.001
707|596.001
708|446.001
709|983.001
710|808.001
711|358.001
712|306.001
713|55.001
714|571.001
715|87.001
716|231.001
717|904.001
718|579.001
719|531.001
720|338.001
721|636.001
722|819.001
723|14.001
724|21.001
725|990.001
726|361.001
727|948.001
728|78.001
729|980.001
730|586.001
731|742.001
732|445.001
733|970.001
734|550.001
735|300.001
736|185.001
737|56.001
738|451.001
739|826.001
740|529.001
741|865.001
742|275.001
743|451.001
744|425.001
745|826.001
746|28.001
747|470.001
748|203.001
749|441.001
750|8.001
751|372.001
752|936.001
753|503.001
754|894.001
755|512.001
756|126.001
757|449.001
758|109.001
759|509.001
760|754.001
761|711.001
762|501.001
763|927.001
764|606.001
765|65.001
766|215.001
767|868.001
768|590.001
769|752.001
770|63.001
771|645.001
772|420.001
773|735.001
774|327.001
775|212.001
776|896.001
777|281.001
778|205.001
779|432.001
780|503.001
781|973.001
782|444.001
783|499.001
784|528.001
785|262.001
786|54.001
787|69.001
788|913.001
789|723.001
790|941.001
791|152.001
792|413.001
793|730.001
794|603.001
795|103.001
796|854.001
797|869.001
798|797.001
799|455.001
800|6.001
801|276.001
802|702.001
803|160.001
804|86.001
805|105.001
806|666.001
807|38.001
808|659.001
809|865.001
810|143.001
811|919.001
812|714.001
813|738.001
814|341.001
815|34.001
816|896.001
817|875.001
818|409.001
819|386.001
820|180.001
821|633.001
822|841.001
823|403.001
824|478.001
825|5.001
826|592.001
827|880.001
828|838.001
829|291.001
830|154.001
831|284.001
832|586.001
833|467.001
834|376.001
835|830.001
836|263.001
837|862.001
838|302.001
839|788.001
840|452.001
841|713.001
842|619.001
843|672.001
844|370.001
845|967.001
846|931.001
847|220.001
848|808.001
849|806.001
850|291.001
851|31.001
852|424.001
853|593.001
854|44.001
855|655.001
856|850.001
857|243.001
858|976.001
859|844.001
860|251.001
861|669.001
862|287.001
863|194.001
864|659.001
865|892.001
866|439.001
867|844.001
868|949.001
869|440.001
870|49.001
871|126.001
872|259.001
873|925.001
874|137.001
875|477.001
876|540.001
877|287.001
878|187.001
879|64.001
880|518.001
881|410.001
882|694.001
883|889.001
884|470.001
885|494.001
886|417.001
887|213.001
888|232.001
889|532.001
890|243.001
891|216.001
892|90.001
893|267.001
894|786.001
895|644.001
896|537.001
897|658.001
898|275.001
899|284.001
900|402.001
901|910.001
902|564.001
903|141.001
904|524.001
905|257.001
906|231.001
907|519.001
908|921.001
909|149.001
910|325.001
911|652.001
912|735.001
913|532.001
914|794.001
915|147.001
916|488.001
917|444.001
918|51.001
919|496.001
920|152.001
921|555.001
922|503.001
923|109.001
924|76.001
925|161.001
926|159.001
927|37.001
928|749.001
929|219.001
930|658.001
931|34.001
932|34.001
933|20.001
934|969.001
935|623.001
936|247.001
937|755.001
938|294.001
939|201.001
940|339.001
941|698.001
942|288.001
943|758.001
944|495.001
945|488.001
946|241.001
947|53.001
948|149.001
949|483.001
950|264.001
951|214.001
952|810.001
953|737.001
954|593.001
955|546.001
956|204.001
957|22.001
958|178.001
959|644.001
960|802.001
961|977.001
962|361.001
963|168.001
964|850.001
965|588.001
966|938.001
967|491.001
968|542.001
969|960.001
970|35.001
971|454.001
972|531.001
973|263.001
974|934.001
975|636.001
976|512.001
977|457.001
978|437.001
979|272.001
980|753.001
981|538.001
982|797.001
983|293.001
984|365.001
985|393.001
986|921.001
987|157.001
988|385.001
989|90.001
990|279.001
991|675.001
992|922.001
993|563.001
994|535.001
995|734.001
996|154.001
997|913.001
998|378.001
999|330.001
