1|683.001
2|526.001
3|372.001
4|366.001
5|555.001
6|515.001
7|152.001
8|854.001
9|968.001
10|236.001
11|116.001
12|831.001
13|879.001
14|442.001
15|936.001
16|639.001
17|499.001
18|864.001
19|289.001
20|364.001
21|687.001
22|673.001
23|642.001
24|243.001
25|365.001
26|712.001
27|338.001
28|600.001
29|997.001
30|597.001
31|770.001
32|185.001
33|820.001
34|116.001
35|140.001
36|364.001
37|902.001
38|662.001
39|389.001
40|495.001
41|460.001
42|849.001
43|481.001
44|254.001
45|118.001
46|260.001
47|659.001
48|209.001
49|366.001
50|635.001
51|707.001
52|620.001
53|529.001
54|415.001
55|195.001
56|239.001
57|436.001
58|261.001
59|563.001
60|997.001
61|660.001
62|888.001
63|269.001
64|412.001
65|510.001
66|792.001
67|413.001
68|821.001
69|585.001
70|562.001
71|513.001
72|383.001
73|116.001
74|636.001
75|375.001
76|778.001
77|930.001
78|463.001
79|410.001
80|720.001
81|55.001
82|252.001
83|213.001
84|56.001
85|170.001
86|155.001
87|211.001
88|326.001
89|177.001
90|501.001
91|133.001
92|423.001
93|738.001
94|400.001
95|743.001
96|106.001
97|370.001
98|770.001
99|959.001
100|534.001
101|180.001
102|392.001
103|426.001
104|253.001
105|481.001
106|593.001
107|285.001
108|323.001
109|580.001
110|679.001
111|220.001
112|463.001
113|169.001
114|699.001
115|654.001
116|362.001
117|251.001
118|173.001
119|404.001
120|937.001
121|473.001
122|902.001
123|611.001
124|759.001
125|744.001
126|361.001
127|278.001
128|770.001
129|328.001
130|360.001
131|698.001
132|596.001
133|160.001
134|14.001
135|118.001
136|720.001
137|758.001
138|507.001
139|748.001
140|853.001
141|611.001
142|103.001
143|302.001
144|818.001
145|771.001
146|817.001
147|748.001
148|166.001
149|710.001
150|740.001
151|1.001
152|333.001
153|332.001
154|527.001
155|462.001
156|525.001
157|571.001
158|323.001
159|259.001
160|844.001
161|753.001
162|323.001
163|493.001
164|997.001
165|853.001
166|560.001
167|334.001
168|276.001
169|306.001
170|586.001
171|303.001
172|265.001
173|463.001
174|666.001
175|104.001
176|557.001
177|557.001
178|844.001
179|600.001
180|896.001
181|789.001
182|987.001
183|465.001
184|60.001
185|567.001
186|759.001
187|44.001
188|708.001
189|758.001
190|848.001
191|90.001
192|593.001
193|422.001
194|157.001
195|441.001
196|64.001
197|191.001
198|943.001
199|788.001
200|520.001
201|987.001
202|200.001
203|891.001
204|202.001
205|392.001
206|117.001
207|463.001
208|500.001
209|153.001
210|595.001
211|61.001
212|576.001
213|972.001
214|43.001
215|667.001
216|666.001
217|120.001
218|606.001
219|98.001
220|28.001
221|346.001
222|686.001
223|936.001
224|325.001
225|379.001
226|662.001
227|631.001
228|410.001
229|942.001
230|184.001
231|167.001
232|472.001
233|832.001
234|819.001
235|689.001
236|530.001
237|707.001
238|807.001
239|587.001
240|1.001
241|555.001
242|196.001
243|697.001
244|519.001
245|908.001
246|337.001
247|27.001
248|942.001
249|121.001
250|731.001
251|892.001
252|141.001
253|806.001
254|63.001
255|79.001
256|457.001
257|301.001
258|13.001
259|479.001
260|197.001
261|1.001
262|403.001
263|374.001
264|196.001
265|839.001
266|590.001
267|679.001
268|643.001
269|977.001
270|323.001
271|613.001
272|883.001
273|331.001
274|66.001
275|316.001
276|658.001
277|72.001
278|43.001
279|29.001
280|207.001
281|611.001
282|610.001
283|788.001
284|888.001
285|175.001
286|185.001
287|244.001
288|903.001
289|106.001
290|933.001
291|322.001
292|473.001
293|834.001
294|678.001
295|974.001
296|601.001
297|514.001
298|225.001
299|604.001
300|342.001
301|223.001
302|667.001
303|368.001
304|259.001
305|293.001
306|254.001
307|247.001
308|980.001
309|762.001
310|239.001
311|252.001
312|13.001
313|433.001
314|523.001
315|937.001
316|632.001
317|41.001
318|528.001
319|722.001
320|334.001
321|828.001
322|761.001
323|935.001
324|985.001
325|804.001
326|164.001
327|974.001
328|814.001
329|983.001
330|283.001
331|379.001
332|807.001
333|281.001
334|788.001
335|185.001
336|623.001
337|631.001
338|890.001
339|11.001
340|821.001
341|35.001
342|448.001
343|627.001
344|704.001
345|423.001
346|442.001
347|428.001
348|742.001
349|880.001
350|402.001
351|225.001
352|783.001
353|189.001
354|460.001
355|864.001
356|577.001
357|807.001
358|524.001
359|100.001
360|157.001
361|653.001
362|436.001
363|174.001
364|117.001
365|692.001
366|471.001
367|410.001
368|50.001
369|24.001
370|457.001
371|489.001
372|675.001
373|744.001
374|718.001
375|647.001
376|53.001
377|671.001
378|728.001
379|904.001
380|590.001
381|141.001
382|372.001
383|969.001
384|675.001
385|651.001
386|192.001
387|879.001
388|866.001
389|350.001
390|304.001
391|862.001
392|886.001
393|860.001
394|769.001
395|190.001
396|911.001
397|88.001
398|626.001
399|150.001
400|649.001
401|160.001
402|279.001
403|47.001
404|732.001
405|515.001
406|495.001
407|301.001
408|572.001
409|374.001
410|739.001
411|432.001
412|707.001
413|445.001
414|659.001
415|861.001
416|48.001
417|3.001
418|260.001
419|483.001
420|31.001
421|885.001
422|456.001
423|969.001
424|302.001
425|778.001
426|757.001
427|525.001
428|671.001
429|929.001
430|519.001
431|373.001
432|774.001
433|282.001
434|688.001
435|601.001
436|754.001
437|408.001
438|60.001
439|100.001
440|115.001
441|757.001
442|286.001
443|921.001
444|957.001
445|536.001
446|551.001
447|677.001
448|62.001
449|627.001
450|559.001
451|269.001
452|666.001
453|520.001
454|845.001
455|349.001
456|667.001
457|278.001
458|127.001
459|47.001
460|173.001
461|233.001
462|956.001
463|690.001
464|868.001
465|209.001
466|969.001
467|118.001
468|296.001
469|782.001
470|155.001
471|578.001
472|852.001
473|329.001
474|646.001
475|488.001
476|569.001
477|981.001
478|650.001
479|203.001
480|97.001
481|55.001
482|828.001
483|104.001
484|219.001
485|734.001
486|485.001
487|532.001
488|633.001
489|342.001
490|487.001
491|896.001
492|84.001
493|99.001
494|633.001
495|507.001
496|348.001
497|645.001
498|223.001
499|355.001
500|619.001
501|398.001
502|512.001
503|409.001
504|452.001
505|904.001
506|638.001
507|151.001
508|576.001
509|518.001
510|41.001
511|55.001
512|798.001
513|827.001
514|249.001
515|639.001
516|482.001
517|942.001
518|568.001
519|593.001
520|196.001
521|292.001
522|260.001
523|231.001
524|876.001
525|180.001
526|634.001
527|811.001
528|381.001
529|701.001
530|812.001
531|591.001
532|289.001
533|108.001
534|139.001
535|777.001
536|627.001
537|167.001
538|278.001
539|560.001
540|643.001
541|947.001
542|272.001
543|512.001
544|332.001
545|906.001
546|470.001
547|471.001
548|144.001
549|830.001
550|88.001
551|366.001
552|184.001
553|798.001
554|936.001
555|669.001
556|871.001
557|427.001
558|244.001
559|289.001
560|507.001
561|73.001
562|228.001
563|556.001
564|507.001
565|836.001
566|306.001
567|699.001
568|750.001
569|182.001
570|586.001
571|173.001
572|685.001
573|306.001
574|711.001
575|192.001
576|94.001
577|49.001
578|41.001
579|332.001
580|72.001
581|290.001
582|533.001
583|92.001
584|253.001
585|25.001
586|5.001
587|94.001
588|81.001
589|320.001
590|918.001
591|202.001
592|521.001
593|227.001
594|371.001
595|185.001
596|556.001
597|564.001
598|278.001
599|600.001
600|19.001
601|665.001
602|515.001
603|115.001
604|800.001
605|452.001
606|479.001
607|991.001
608|231.001
609|793.001
610|452.001
611|389.001
612|3.001
613|672.001
614|38.001
615|116.001
616|968.001
617|688.001
618|157.001
619|77.001
620|510.001
621|957.001
622|128.001
623|371.001
624|275.001
625|85.001
626|249.001
627|970.001
628|551.001
629|274.001
630|256.001
631|465.001
632|420.001
633|315.001
634|936.001
635|662.001
636|602.001
637|963.001
638|831.001
639|5.001
640|364.001
641|871.001
642|78.001
643|811.001
644|366.001
645|106.001
646|426.001
647|742.001
648|464.001
649|615.001
650|777.001
651|197.001
652|914.001
653|326.001
654|945.001
655|180.001
656|15.001
657|615.001
658|792.001
659|881.001
660|526.001
661|648.001
662|441.001
663|419.001
664|376.001
665|40.001
666|777.001
667|153.001
668|214.001
669|2.001
670|747.001
671|444.001
672|28.001
673|408.001
674|338.001
675|193.001
676|104.001
677|899.001
678|796.001
679|348.001
680|735.001
681|500.001
682|200.001
683|729.001
684|711.001
685|231.001
686|563.001
687|538.001
688|232.001
689|717.001
690|179.001
691|394.001
692|232.001
693|654.001
694|264.001
695|578.001
696|350.001
697|405.001
698|260.001
699|162.001
700|347.001
701|146.001
702|884.001
703|168.001
704|528.001
705|608.001
706|569.001
707|733.001
708|392.001
709|650.001
710|329.001
711|521.001
712|899.001
713|251.001
714|814.001
715|856.001
716|667.001
717|354.001
718|644.001
719|987.001
720|516.001
721|367.001
722|89.001
723|593.001
724|486.001
725|831.001
726|673.001
727|160.001
728|513.001
729|118.001
730|627.001
731|811.001
732|10.001
733|773.001
734|443.001
735|696.001
736|306.001
737|830.001
738|378.001
739|616.001
740|422.001
741|940.001
742|999.001
743|508.001
744|571.001
745|275.001
746|422.001
747|995.001
748|642.001
749|930.001
750|360.001
751|641.001
752|9.001
753|478.001
754|125.001
755|217.001
756|723.001
757|747.001
758|253.001
759|376.001
760|403.001
761|257.001
762|499.001
763|686.001
764|970.001
765|362.001
766|866.001
767|933.001
768|17.001
769|878.001
770|469.001
771|196.001
772|900.001
773|816.001
774|568.001
775|331.001
776|146.001
777|86.001
778|914.001
779|63.001
780|527.001
781|840.001
782|248.001
783|482.001
784|885.001
785|101.001
786|121.001
787|214.001
788|797.001
789|752.001
790|569.001
791|547.001
792|57.001
793|215.001
794|401.001
795|669.001
796|428.001
797|978.001
798|421.001
799|7.001
800|174.001
801|977.001
802|500.001
803|171.001
804|380.001
805|819.001
806|931.001
807|940.001
808|728.001
809|589.001
810|916.001
811|869.001
812|417.001
813|733.001
814|801.001
815|102.001
816|682.001
817|279.001
818|232.001
819|864.001
820|261.001
821|352.001
822|961.001
823|95.001
824|369.001
825|336.001
826|917.001
827|876.001
828|721.001
829|237.001
830|594.001
831|97.001
832|7.001
833|421.001
834|847.001
835|793.001
836|817.001
837|177.001
838|562.001
839|276.001
840|778.001
841|777.001
842|683.001
843|746.001
844|172.001
845|371.001
846|188.001
847|50.001
848|661.001
849|780.001
850|103.001
851|99.001
852|258.001
853|591.001
854|636.001
855|510.001
856|124.001
857|787.001
858|206.001
859|40.001
860|642.001
861|500.001
862|73.001
863|475.001
864|340.001
865|63.001
866|877.001
867|770.001
868|481.001
869|406.001
870|692.001
871|690.001
872|938.001
873|65.001
874|421.001
875|986.001
876|491.001
877|262.001
878|200.001
879|875.001
880|279.001
881|654.001
882|509.001
883|124.001
884|132.001
885|801.001
886|584.001
887|742.001
888|155.001
889|737.001
890|294.001
891|246.001
892|410.001
893|918.001
894|428.001
895|502.001
896|842.001
897|472.001
898|880.001
899|155.001
900|936.001
901|406.001
902|916.001
903|480.001
904|78.001
905|249.001
906|550.001
907|979.001
908|779.001
909|680.001
910|393.001
911|209.001
912|891.001
913|820.001
914|77.001
915|190.001
916|232.001
917|623.001
918|802.001
919|612.001
920|725.001
921|863.001
922|39.001
923|725.001
924|37.001
925|625.001
926|153.001
927|862.001
928|847.001
929|956.001
930|698.001
931|402.001
932|574.001
933|959.001
934|118.001
935|545.001
936|210.001
937|653.001
938|912.001
939|144.001
940|685.001
941|435.001
942|590.001
943|709.001
944|279.001
945|236.001
946|391.001
947|883.001
948|137.001
949|163.001
950|381.001
951|967.001
952|706.001
953|792.001
954|866.001
955|474.001
956|655.001
957|926.001
958|838.001
959|675.001
960|421.001
961|305.001
962|220.001
963|912.001
964|453.001
965|972.001
966|869.001
967|151.001
968|691.001
969|556.001
970|320.001
971|582.001
972|833.001
973|729.001
974|539.001
975|610.001
976|833.001
977|842.001
978|968.001
979|986.001
980|44.001
981|239.001
982|917.001
983|406.001
984|642.001
985|105.001
986|904.001
987|897.001
988|83.001
989|411.001
990|848.001
991|806.001
992|525.001
993|179.001
994|136.001
995|952.001
996|935.001
997|226.001
998|289.001
999|421.001
