1|986.001
2|614.001
3|283.001
4|34.001
5|487.001
6|911.001
7|150.001
8|802.001
9|280.001
10|880.001
11|246.001
12|72.001
13|564.001
14|395.001
15|773.001
16|763.001
17|621.001
18|646.001
19|501.001
20|897.001
21|271.001
22|400.001
23|941.001
24|869.001
25|950.001
26|543.001
27|858.001
28|898.001
29|917.001
30|13.001
31|499.001
32|951.001
33|571.001
34|775.001
35|733.001
36|582.001
37|890.001
38|350.001
39|800.001
40|4.001
41|788.001
42|900.001
43|780.001
44|823.001
45|184.001
46|647.001
47|222.001
48|31.001
49|876.001
50|766.001
51|11.001
52|675.001
53|810.001
54|420.001
55|371.001
56|124.001
57|816.001
58|4.001
59|977.001
60|551.001
61|768.001
62|484.001
63|17.001
64|555.001
65|943.001
66|630.001
67|508.001
68|831.001
69|396.001
70|256.001
71|116.001
72|804.001
73|720.001
74|176.001
75|936.001
76|131.001
77|581.001
78|578.001
79|494.001
80|529.001
81|782.001
82|933.001
83|200.001
84|970.001
85|18.001
86|604.001
87|28.001
88|185.001
89|26.001
90|474.001
91|73.001
92|828.001
93|169.001
94|34.001
95|98.001
96|971.001
97|450.001
98|646.001
99|218.001
100|184.001
101|415.001
102|962.001
103|522.001
104|108.001
105|587.001
106|484.001
107|210.001
108|969.001
109|564.001
110|993.001
111|857.001
112|727.001
113|510.001
114|612.001
115|396.001
116|731.001
117|596.001
118|305.001
119|376.001
120|795.001
121|719.001
122|742.001
123|117.001
124|537.001
125|945.001
126|640.001
127|19.001
128|857.001
129|843.001
130|651.001
131|820.001
132|696.001
133|327.001
134|503.001
135|194.001
136|476.001
137|410.001
138|328.001
139|299.001
140|981.001
141|55.001
142|113.001
143|475.001
144|442.001
145|439.001
146|574.001
147|349.001
148|699.001
149|820.001
150|869.001
151|970.001
152|549.001
153|967.001
154|281.001
155|488.001
156|524.001
157|722.001
158|419.001
159|737.001
160|382.001
161|78.001
162|919.001
163|453.001
164|123.001
165|769.001
166|567.001
167|30.001
168|421.001
169|549.001
170|734.001
171|592.001
172|417.001
173|438.001
174|392.001
175|897.001
176|10.001
177|894.001
178|913.001
179|739.001
180|201.001
181|266.001
182|440.001
183|914.001
184|908.001
185|666.001
186|536.001
187|152.001
188|660.001
189|89.001
190|320.001
191|170.001
192|878.001
193|877.001
194|26.001
195|374.001
196|414.001
197|205.001
198|595.001
199|711.001
200|342.001
201|326.001
202|779.001
203|726.001
204|989.001
205|583.001
206|188.001
207|869.001
208|865.001
209|303.001
210|662.001
211|801.001
212|91.001
213|750.001
214|92.001
215|920.001
216|103.001
217|115.001
218|500.001
219|747.001
220|965.001
221|744.001
222|375.001
223|218.001
224|290.001
225|610.001
226|766.001
227|443.001
228|555.001
229|703.001
230|47.001
231|268.001
232|851.001
233|163.001
234|257.001
235|892.001
236|108.001
237|247.001
238|69.001
239|982.001
240|272.001
241|950.001
242|556.001
243|447.001
244|431.001
245|157.001
246|570.001
247|345.001
248|807.001
249|290.001
250|147.001
251|246.001
252|53.001
253|876.001
254|199.001
255|471.001
256|657.001
257|392.001
258|395.001
259|340.001
260|958.001
261|963.001
262|63.001
263|855.001
264|404.001
265|486.001
266|305.001
267|235.001
268|139.001
269|476.001
270|587.001
271|479.001
272|377.001
273|73.001
274|497.001
275|983.001
276|300.001
277|675.001
278|322.001
279|497.001
280|312.001
281|745.001
282|155.001
283|476.001
284|27.001
285|881.001
286|351.001
287|330.001
288|997.001
289|688.001
290|757.001
291|565.001
292|495.001
293|367.001
294|422.001
295|958.001
296|441.001
297|976.001
298|234.001
299|249.001
300|710.001
301|22.001
302|231.001
303|12.001
304|605.001
305|659.001
306|885.001
307|304.001
308|498.001
309|891.001
310|630.001
311|788.001
312|925.001
313|828.001
314|291.001
315|576.001
316|28.001
317|590.001
318|543.001
319|533.001
320|442.001
321|867.001
322|91.001
323|177.001
324|961.001
325|666.001
326|203.001
327|921.001
328|111.001
329|95.001
330|556.001
331|698.001
332|738.001
333|242.001
334|289.001
335|284.001
336|453.001
337|387.001
338|121.001
339|377.001
340|636.001
341|769.001
342|15.001
343|72.001
344|416.001
345|994.001
346|908.001
347|250.001
348|378.001
349|239.001
350|27.001
351|599.001
352|116.001
353|762.001
354|535.001
355|912.001
356|110.001
357|264.001
358|861.001
359|771.001
360|581.001
361|29.001
362|490.001
363|226.001
364|60.001
365|314.001
366|935.001
367|301.001
368|309.001
369|401.001
370|94.001
371|803.001
372|578.001
373|155.001
374|128.001
375|617.001
376|807.001
377|215.001
378|528.001
379|642.001
380|800.001
381|914.001
382|679.001
383|375.001
384|149.001
385|177.001
386|951.001
387|47.001
388|663.001
389|107.001
390|622.001
391|575.001
392|211.001
393|685.001
394|564.001
395|474.001
396|54.001
397|89.001
398|430.001
399|462.001
400|848.001
401|896.001
402|801.001
403|238.001
404|301.001
405|345.001
406|183.001
407|542.001
408|259.001
409|851.001
410|59.001
411|86.001
412|518.001
413|6.001
414|422.001
415|511.001
416|573.001
417|809.001
418|826.001
419|744.001
420|151.001
421|787.001
422|565.001
423|975.001
424|169.001
425|428.001
426|775.001
427|990.001
428|492.001
429|780.001
430|120.001
431|257.001
432|353.001
433|246.001
434|883.001
435|329.001
436|307.001
437|880.001
438|902.001
439|156.001
440|700.001
441|665.001
442|868.001
443|610.001
444|433.001
445|602.001
446|920.001
447|9.001
448|971.001
449|762.001
450|296.001
451|973.001
452|763.001
453|97.001
454|887.001
455|940.001
456|312.001
457|626.001
458|935.001
459|576.001
460|405.001
461|754.001
462|410.001
463|190.001
464|897.001
465|349.001
466|682.001
467|947.001
468|517.001
469|259.001
470|483.001
471|448.001
472|464.001
473|72.001
474|559.001
475|842.001
476|700.001
477|645.001
478|433.001
479|288.001
480|524.001
481|396.001
482|556.001
483|593.001
484|795.001
485|28.001
486|898.001
487|581.001
488|20.001
489|67.001
490|613.001
491|532.001
492|420.001
493|987.001
494|361.001
495|588.001
496|425.001
497|547.001
498|387.001
499|924.001
500|15.001
501|465.001
502|292.001
503|780.001
504|20.001
505|608.001
506|849.001
507|391.001
508|637.001
509|535.001
510|228.001
511|348.001
512|981.001
513|485.001
514|601.001
515|135.001
516|650.001
517|351.001
518|860.001
519|855.001
520|105.001
521|766.001
522|443.001
523|315.001
524|845.001
525|956.001
526|813.001
527|256.001
528|209.001
529|24.001
530|603.001
531|532.001
532|774.001
533|368.001
534|548.001
535|501.001
536|339.001
537|142.001
538|444.001
539|654.001
540|139.001
541|654.001
542|282.001
543|356.001
544|294.001
545|468.001
546|897.001
547|44.001
548|16.001
549|620.001
550|936.001
551|269.001
552|50.001
553|973.001
554|334.001
555|739.001
556|359.001
557|74.001
558|421.001
559|196.001
560|629.001
561|612.001
562|927.001
563|649.001
564|557.001
565|851.001
566|90.001
567|454.001
568|304.001
569|418.001
570|430.001
571|808.001
572|15.001
573|212.001
574|794.001
575|221.001
576|845.001
577|711.001
578|719.001
579|747.001
580|396.001
581|369.001
582|444.001
583|745.001
584|263.001
585|730.001
586|596.001
587|256.001
588|785.001
589|369.001
590|260.001
591|970.001
592|325.001
593|783.001
594|303.001
595|488.001
596|361.001
597|452.001
598|477.001
599|345.001
600|502.001
601|483.001
602|702.001
603|613.001
604|142.001
605|223.001
606|30.001
607|142.001
608|442.001
609|715.001
610|967.001
611|465.001
612|12.001
613|251.001
614|561.001
615|666.001
616|627.001
617|136.001
618|190.001
619|332.001
620|322.001
621|666.001
622|803.001
623|466.001
624|425.001
625|903.001
626|512.001
627|4.001
628|214.001
629|719.001
630|676.001
631|138.001
632|832.001
633|114.001
634|700.001
635|215.001
636|947.001
637|811.001
638|450.001
639|578.001
640|241.001
641|769.001
642|8.001
643|921.001
644|2.001
645|212.001
646|974.001
647|491.001
648|138.001
649|241.001
650|439.001
651|297.001
652|313.001
653|872.001
654|782.001
655|775.001
656|104.001
657|651.001
658|157.001
659|649.001
660|964.001
661|572.001
662|768.001
663|614.001
664|107.001
665|249.001
666|875.001
667|257.001
668|958.001
669|768.001
670|483.001
671|538.001
672|817.001
673|685.001
674|457.001
675|657.001
676|439.001
677|95.001
678|700.001
679|405.001
680|96.001
681|174.001
682|489.001
683|21.001
684|729.001
685|97.001
686|985.001
687|681.001
688|350.001
689|89.001
690|652.001
691|602.001
692|357.001
693|887.001
694|835.001
695|540.001
696|242.001
697|851.001
698|936.001
699|79.001
700|689.001
701|717.001
702|799.001
703|862.001
704|467.001
705|77.001
706|108.001
707|795.001
708|280.001
709|444.001
710|148.001
711|948.001
712|453.001
713|485.001
714|357.001
715|899.001
716|672.001
717|780.001
718|101.001
719|475.001
720|288.001
721|853.001
722|15.001
723|302.001
724|678.001
725|281.001
726|278.001
727|16.001
728|529.001
729|347.001
730|628.001
731|386.001
732|881.001
733|526.001
734|500.001
735|695.001
736|601.001
737|5.001
738|843.001
739|596.001
740|10.001
741|324.001
742|201.001
743|535.001
744|663.001
745|109.001
746|97.001
747|208.001
748|143.001
749|44.001
750|319.001
751|577.001
752|413.001
753|605.001
754|489.001
755|242.001
756|196.001
757|186.001
758|508.001
759|938.001
760|169.001
761|380.001
762|700.001
763|932.001
764|121.001
765|579.001
766|395.001
767|306.001
768|433.001
769|898.001
770|282.001
771|546.001
772|139.001
773|980.001
774|264.001
775|55.001
776|947.001
777|861.001
778|430.001
779|703.001
780|284.001
781|512.001
782|888.001
783|4.001
784|309.001
785|40.001
786|715.001
787|311.001
788|43.001
789|403.001
790|82.001
791|567.001
792|555.001
793|220.001
794|484.001
795|465.001
796|950.001
797|842.001
798|800.001
799|724.001
800|50.001
801|622.001
802|359.001
803|870.001
804|746.001
805|677.001
806|655.001
807|859.001
808|678.001
809|926.001
810|721.001
811|885.001
812|113.001
813|438.001
814|546.001
815|420.001
816|656.001
817|522.001
818|328.001
819|657.001
820|984.001
821|860.001
822|655.001
823|515.001
824|454.001
825|158.001
826|763.001
827|292.001
828|753.001
829|937.001
830|371.001
831|744.001
832|656.001
833|508.001
834|946.001
835|641.001
836|314.001
837|777.001
838|624.001
839|635.001
840|12.001
841|36.001
842|346.001
843|582.001
844|920.001
845|257.001
846|744.001
847|324.001
848|529.001
849|266.001
850|175.001
851|112.001
852|140.001
853|683.001
854|707.001
855|769.001
856|533.001
857|766.001
858|294.001
859|242.001
860|776.001
861|855.001
862|773.001
863|326.001
864|493.001
865|602.001
866|531.001
867|297.001
868|510.001
869|370.001
870|584.001
871|649.001
872|284.001
873|172.001
874|235.001
875|939.001
876|171.001
877|664.001
878|74.001
879|705.001
880|40.001
881|265.001
882|927.001
883|171.001
884|730.001
885|153.001
886|911.001
887|999.001
888|452.001
889|372.001
890|843.001
891|578.001
892|845.001
893|673.001
894|321.001
895|575.001
896|565.001
897|766.001
898|96.001
899|708.001
900|550.001
901|102.001
902|863.001
903|694.001
904|33.001
905|950.001
906|922.001
907|282.001
908|792.001
909|926.001
910|381.001
911|164.001
912|980.001
913|978.001
914|401.001
915|264.001
916|4.001
917|539.001
918|742.001
919|651.001
920|247.001
921|268.001
922|407.001
923|382.001
924|798.001
925|121.001
926|724.001
927|6.001
928|735.001
929|305.001
930|265.001
931|53.001
932|130.001
933|659.001
934|626.001
935|167.001
936|338.001
937|3.001
938|670.001
939|447.001
940|566.001
941|847.001
942|672.001
943|490.001
944|392.001
945|984.001
946|840.001
947|68.001
948|464.001
949|817.001
950|336.001
951|81.001
952|961.001
953|34.001
954|348.001
955|888.001
956|396.001
957|754.001
958|861.001
959|428.001
960|710.001
961|590.001
962|647.001
963|497.001
964|480.001
965|888.001
966|38.001
967|823.001
968|766.001
969|844.001
970|859.001
971|373.001
972|182.001
973|5.001
974|488.001
975|112.001
976|600.001
977|104.001
978|788.001
979|43.001
980|380.001
981|977.001
982|18.001
983|681.001
984|325.001
985|618.001
986|477.001
987|707.001
988|583.001
989|561.001
990|14.001
991|529.001
992|57.001
993|216.001
994|988.001
995|877.001
996|656.001
997|22.001
998|384.001
999|865.001
