1|687.001
2|701.001
3|391.001
4|40.001
5|458.001
6|291.001
7|173.001
8|781.001
9|452.001
10|559.001
11|345.001
12|33.001
13|930.001
14|853.001
15|838.001
16|510.001
17|431.001
18|812.001
19|79.001
20|178.001
21|653.001
22|633.001
23|200.001
24|545.001
25|447.001
26|791.001
27|219.001
28|109.001
29|418.001
30|377.001
31|317.001
32|190.001
33|662.001
34|910.001
35|253.001
36|847.001
37|679.001
38|649.001
39|982.001
40|645.001
41|838.001
42|279.001
43|749.001
44|873.001
45|612.001
46|269.001
47|808.001
48|174.001
49|89.001
50|964.001
51|276.001
52|634.001
53|146.001
54|231.001
55|396.001
56|392.001
57|180.001
58|234.001
59|435.001
60|770.001
61|854.001
62|664.001
63|612.001
64|969.001
65|261.001
66|163.001
67|161.001
68|259.001
69|400.001
70|886.001
71|551.001
72|465.001
73|262.001
74|524.001
75|829.001
76|84.001
77|640.001
78|84.001
79|571.001
80|578.001
81|498.001
82|152.001
83|81.001
84|67.001
85|751.001
86|536.001
87|936.001
88|549.001
89|105.001
90|653.001
91|331.001
92|442.001
93|315.001
94|558.001
95|859.001
96|708.001
97|125.001
98|83.001
99|653.001
100|673.001
101|845.001
102|903.001
103|986.001
104|98.001
105|346.001
106|183.001
107|882.001
108|883.001
109|943.001
110|197.001
111|247.001
112|437.001
113|365.001
114|452.001
115|756.001
116|401.001
117|684.001
118|549.001
119|190.001
120|355.001
121|922.001
122|992.001
123|592.001
124|865.001
125|525.001
126|903.001
127|573.001
128|814.001
129|863.001
130|200.001
131|452.001
132|159.001
133|362.001
134|584.001
135|892.001
136|963.001
137|864.001
138|470.001
139|3.001
140|230.001
141|740.001
142|640.001
143|427.001
144|183.001
145|4.001
146|166.001
147|292.001
148|863.001
149|49.001
150|97.001
151|419.001
152|805.001
153|659.001
154|797.001
155|295.001
156|782.001
157|798.001
158|213.001
159|641.001
160|95.001
161|566.001
162|72.001
163|167.001
164|617.001
165|634.001
166|318.001
167|880.001
168|702.001
169|279.001
170|114.001
171|692.001
172|599.001
173|311.001
174|34.001
175|628.001
176|338.001
177|863.001
178|982.001
179|29.001
180|366.001
181|660.001
182|174.001
183|174.001
184|913.001
185|638.001
186|424.001
187|151.001
188|698.001
189|434.001
190|583.001
191|955.001
192|983.001
193|742.001
194|976.001
195|455.001
196|316.001
197|474.001
198|665.001
199|452.001
200|907.001
201|546.001
202|434.001
203|411.001
204|892.001
205|320.001
206|329.001
207|640.001
208|229.001
209|890.001
210|402.001
211|201.001
212|744.001
213|896.001
214|198.001
215|112.001
216|707.001
217|281.001
218|526.001
219|935.001
220|259.001
221|462.001
222|381.001
223|209.001
224|977.001
225|652.001
226|237.001
227|493.001
228|618.001
229|532.001
230|830.001
231|951.001
232|758.001
233|764.001
234|354.001
235|671.001
236|414.001
237|948.001
238|574.001
239|243.001
240|549.001
241|473.001
242|23.001
243|487.001
244|706.001
245|467.001
246|870.001
247|743.001
248|805.001
249|668.001
250|109.001
251|329.001
252|301.001
253|138.001
254|553.001
255|904.001
256|349.001
257|401.001
258|987.001
259|827.001
260|946.001
261|601.001
262|131.001
263|257.001
264|572.001
265|489.001
266|972.001
267|835.001
268|686.001
269|269.001
270|539.001
271|302.001
272|27.001
273|522.001
274|28.001
275|825.001
276|539.001
277|163.001
278|15.001
279|251.001
280|181.001
281|258.001
282|796.001
283|299.001
284|431.001
285|684.001
286|24.001
287|396.001
288|711.001
289|77.001
290|585.001
291|30.001
292|941.001
293|583.001
294|568.001
295|759.001
296|508.001
297|463.001
298|276.001
299|195.001
300|277.001
301|383.001
302|345.001
303|917.001
304|354.001
305|751.001
306|290.001
307|23.001
308|577.001
309|849.001
310|356.001
311|706.001
312|9.001
313|581.001
314|358.001
315|323.001
316|42.001
317|226.001
318|827.001
319|996.001
320|205.001
321|120.001
322|848.001
323|37.001
324|29.001
325|275.001
326|480.001
327|63.001
328|194.001
329|207.001
330|939.001
331|938.001
332|690.001
333|619.001
334|768.001
335|813.001
336|213.001
337|664.001
338|906.001
339|479.001
340|743.001
341|956.001
342|486.001
343|443.001
344|540.001
345|516.001
346|340.001
347|916.001
348|755.001
349|897.001
350|798.001
351|238.001
352|404.001
353|196.001
354|634.001
355|586.001
356|737.001
357|111.001
358|273.001
359|236.001
360|16.001
361|185.001
362|995.001
363|958.001
364|398.001
365|696.001
366|276.001
367|334.001
368|471.001
369|508.001
370|749.001
371|762.001
372|94.001
373|770.001
374|466.001
375|14.001
376|861.001
377|963.001
378|904.001
379|88.001
380|793.001
381|118.001
382|263.001
383|308.001
384|600.001
385|128.001
386|741.001
387|135.001
388|648.001
389|607.001
390|449.001
391|794.001
392|376.001
393|385.001
394|960.001
395|17.001
396|192.001
397|679.001
398|735.001
399|163.001
400|206.001
401|85.001
402|790.001
403|855.001
404|246.001
405|80.001
406|103.001
407|9.001
408|811.001
409|28.001
410|933.001
411|852.001
412|370.001
413|467.001
414|677.001
415|57.001
416|981.001
417|41.001
418|283.001
419|593.001
420|593.001
421|530.001
422|158.001
423|444.001
424|713.001
425|657.001
426|151.001
427|444.001
428|106.001
429|463.001
430|940.001
431|447.001
432|374.001
433|492.001
434|904.001
435|539.001
436|60.001
437|346.001
438|17.001
439|902.001
440|412.001
441|539.001
442|888.001
443|809.001
444|941.001
445|139.001
446|605.001
447|41.001
448|109.001
449|14.001
450|445.001
451|68.001
452|771.001
453|830.001
454|25.001
455|42.001
456|995.001
457|447.001
458|726.001
459|156.001
460|86.001
461|376.001
462|265.001
463|381.001
464|403.001
465|338.001
466|693.001
467|648.001
468|437.001
469|447.001
470|39.001
471|611.001
472|158.001
473|593.001
474|306.001
475|259.001
476|893.001
477|939.001
478|870.001
479|457.001
480|997.001
481|651.001
482|840.001
483|42.001
484|677.001
485|335.001
486|451.001
487|878.001
488|202.001
489|479.001
490|949.001
491|539.001
492|77.001
493|953.001
494|24.001
495|157.001
496|448.001
497|765.001
498|381.001
499|2.001
500|845.001
501|877.001
502|296.001
503|343.001
504|113.001
505|579.001
506|735.001
507|402.001
508|712.001
509|135.001
510|851.001
511|719.001
512|540.001
513|499.001
514|889.001
515|586.001
516|941.001
517|62.001
518|909.001
519|946.001
520|949.001
521|564.001
522|321.001
523|31.001
524|512.001
525|119.001
526|699.001
527|884.001
528|961.001
529|546.001
530|79.001
531|899.001
532|518.001
533|616.001
534|831.001
535|195.001
536|542.001
537|373.001
538|525.001
539|677.001
540|84.001
541|518.001
542|755.001
543|168.001
544|920.001
545|499.001
546|943.001
547|654.001
548|832.001
549|899.001
550|267.001
551|983.001
552|996.001
553|734.001
554|88.001
555|312.001
556|424.001
557|519.001
558|169.001
559|843.001
560|538.001
561|424.001
562|430.001
563|868.001
564|880.001
565|732.001
566|483.001
567|39.001
568|520.001
569|142.001
570|674.001
571|519.001
572|129.001
573|57.001
574|41.001
575|688.001
576|265.001
577|73.001
578|525.001
579|434.001
580|83.001
581|36.001
582|434.001
583|919.001
584|291.001
585|522.001
586|688.001
587|576.001
588|660.001
589|383.001
590|86.001
591|198.001
592|42.001
593|780.001
594|538.001
595|21.001
596|379.001
597|308.001
598|661.001
599|228.001
600|179.001
601|877.001
602|210.001
603|54.001
604|867.001
605|778.001
606|370.001
607|328.001
608|765.001
609|51.001
610|893.001
611|936.001
612|497.001
613|735.001
614|424.001
615|327.001
616|306.001
617|481.001
618|478.001
619|682.001
620|532.001
621|226.001
622|141.001
623|806.001
624|940.001
625|749.001
626|825.001
627|269.001
628|917.001
629|321.001
630|276.001
631|415.001
632|924.001
633|4.001
634|818.001
635|209.001
636|103.001
637|864.001
638|802.001
639|436.001
640|316.001
641|271.001
642|256.001
643|42.001
644|65.001
645|18.001
646|214.001
647|736.001
648|103.001
649|753.001
650|520.001
651|353.001
652|37.001
653|113.001
654|859.001
655|336.001
656|658.001
657|487.001
658|602.001
659|479.001
660|457.001
661|135.001
662|663.001
663|911.001
664|270.001
665|492.001
666|171.001
667|110.001
668|936.001
669|941.001
670|699.001
671|838.001
672|460.001
673|997.001
674|890.001
675|647.001
676|311.001
677|714.001
678|560.001
679|572.001
680|328.001
681|701.001
682|166.001
683|819.001
684|357.001
685|630.001
686|124.001
687|407.001
688|498.001
689|448.001
690|921.001
691|114.001
692|309.001
693|181.001
694|581.001
695|704.001
696|75.001
697|802.001
698|791.001
699|656.001
700|209.001
701|123.001
702|300.001
703|9.001
704|30.001
705|825.001
706|911.001
707|671.001
708|763.001
709|384.001
710|915.001
711|508.001
712|223.001
713|766.001
714|379.001
715|563.001
716|912.001
717|393.001
718|412.001
719|824.001
720|519.001
721|977.001
722|49.001
723|253.001
724|228.001
725|944.001
726|742.001
727|386.001
728|77.001
729|151.001
730|514.001
731|38.001
732|377.001
733|822.001
734|669.001
735|978.001
736|176.001
737|847.001
738|99.001
739|943.001
740|357.001
741|628.001
742|375.001
743|995.001
744|663.001
745|893.001
746|592.001
747|785.001
748|431.001
749|817.001
750|919.001
751|67.001
752|954.001
753|503.001
754|43.001
755|636.001
756|647.001
757|461.001
758|223.001
759|631.001
760|505.001
761|402.001
762|729.001
763|514.001
764|603.001
765|430.001
766|28.001
767|30.001
768|965.001
769|717.001
770|320.001
771|770.001
772|769.001
773|516.001
774|119.001
775|257.001
776|923.001
777|593.001
778|842.001
779|860.001
780|118.001
781|137.001
782|709.001
783|527.001
784|544.001
785|403.001
786|924.001
787|936.001
788|515.001
789|782.001
790|499.001
791|440.001
792|901.001
793|265.001
794|30.001
795|997.001
796|212.001
797|683.001
798|681.001
799|732.001
800|758.001
801|369.001
802|217.001
803|123.001
804|876.001
805|654.001
806|599.001
807|576.001
808|140.001
809|94.001
810|718.001
811|757.001
812|723.001
813|237.001
814|138.001
815|198.001
816|379.001
817|574.001
818|142.001
819|706.001
820|338.001
821|238.001
822|203.001
823|580.001
824|665.001
825|606.001
826|16.001
827|547.001
828|104.001
829|510.001
830|926.001
831|96.001
832|279.001
833|929.001
834|199.001
835|348.001
836|852.001
837|573.001
838|281.001
839|221.001
840|982.001
841|129.001
842|0.001
843|585.001
844|742.001
845|718.001
846|720.001
847|698.001
848|489.001
849|522.001
850|255.001
851|707.001
852|24.001
853|123.001
854|705.001
855|564.001
856|293.001
857|873.001
858|32.001
859|899.001
860|128.001
861|285.001
862|888.001
863|885.001
864|33.001
865|919.001
866|331.001
867|837.001
868|387.001
869|412.001
870|769.001
871|674.001
872|946.001
873|551.001
874|688.001
875|764.001
876|194.001
877|110.001
878|511.001
879|265.001
880|451.001
881|47.001
882|32.001
883|279.001
884|149.001
885|315.001
886|51.001
887|348.001
888|322.001
889|340.001
890|737.001
891|548.001
892|998.001
893|614.001
894|47.001
895|757.001
896|641.001
897|633.001
898|907.001
899|242.001
900|274.001
901|174.001
902|565.001
903|154.001
904|287.001
905|1.001
906|133.001
907|506.001
908|593.001
909|835.001
910|74.001
911|130.001
912|971.001
913|328.001
914|777.001
915|48.001
916|11.001
917|444.001
918|78.001
919|877.001
920|40.001
921|980.001
922|425.001
923|89.001
924|641.001
925|41.001
926|656.001
927|20.001
928|600.001
929|772.001
930|835.001
931|569.001
932|766.001
933|177.001
934|808.001
935|175.001
936|873.001
937|943.001
938|369.001
939|632.001
940|540.001
941|207.001
942|963.001
943|439.001
944|610.001
945|752.001
946|203.001
947|210.001
948|406.001
949|570.001
950|307.001
951|502.001
952|383.001
953|320.001
954|675.001
955|130.001
956|539.001
957|931.001
958|206.001
959|754.001
960|958.001
961|999.001
962|558.001
963|765.001
964|664.001
965|361.001
966|92.001
967|865.001
968|293.001
969|145.001
970|720.001
971|301.001
972|188.001
973|662.001
974|515.001
975|367.001
976|395.001
977|809.001
978|196.001
979|984.001
980|850.001
981|213.001
982|491.001
983|773.001
984|513.001
985|662.001
986|607.001
987|303.001
988|406.001
989|84.001
990|130.001
991|459.001
992|867.001
993|427.001
994|919.001
995|180.001
996|261.001
997|430.001
998|554.001
999|706.001
