1|935.001
2|791.001
3|703.001
4|704.001
5|751.001
6|979.001
7|312.001
8|679.001
9|834.001
10|310.001
11|897.001
12|559.001
13|493.001
14|713.001
15|781.001
16|544.001
17|149.001
18|919.001
19|701.001
20|914.001
21|718.001
22|85.001
23|468.001
24|872.001
25|348.001
26|734.001
27|445.001
28|625.001
29|850.001
30|522.001
31|713.001
32|821.001
33|835.001
34|72.001
35|83.001
36|265.001
37|516.001
38|532.001
39|468.001
40|184.001
41|188.001
42|909.001
43|578.001
44|662.001
45|99.001
46|62.001
47|662.001
48|40.001
49|185.001
50|743.001
51|190.001
52|283.001
53|315.001
54|121.001
55|754.001
56|930.001
57|190.001
58|927.001
59|171.001
60|484.001
61|698.001
62|691.001
63|769.001
64|498.001
65|998.001
66|518.001
67|160.001
68|511.001
69|335.001
70|504.001
71|599.001
72|905.001
73|660.001
74|612.001
75|552.001
76|879.001
77|922.001
78|11.001
79|549.001
80|676.001
81|687.001
82|132.001
83|979.001
84|556.001
85|973.001
86|131.001
87|220.001
88|702.001
89|92.001
90|369.001
91|415.001
92|813.001
93|292.001
94|942.001
95|838.001
96|302.001
97|116.001
98|996.001
99|938.001
100|978.001
101|678.001
102|400.001
103|27.001
104|672.001
105|561.001
106|809.001
107|839.001
108|642.001
109|887.001
110|398.001
111|245.001
112|246.001
113|657.001
114|815.001
115|607.001
116|996.001
117|848.001
118|369.001
119|29.001
120|297.001
121|941.001
122|290.001
123|660.001
124|761.001
125|709.001
126|925.001
127|489.001
128|996.001
129|45.001
130|219.001
131|369.001
132|984.001
133|313.001
134|284.001
135|870.001
136|592.001
137|224.001
138|661.001
139|548.001
140|220.001
141|0.001
142|284.001
143|841.001
144|147.001
145|269.001
146|49.001
147|599.001
148|721.001
149|238.001
150|415.001
151|746.001
152|203.001
153|529.001
154|717.001
155|587.001
156|264.001
157|34.001
158|447.001
159|538.001
160|792.001
161|66.001
162|239.001
163|974.001
164|833.001
165|293.001
166|940.001
167|841.001
168|794.001
169|615.001
170|527.001
171|481.001
172|1.001
173|95.001
174|589.001
175|103.001
176|143.001
177|446.001
178|150.001
179|845.001
180|623.001
181|800.001
182|128.001
183|769.001
184|681.001
185|294.001
186|942.001
187|812.001
188|861.001
189|246.001
190|544.001
191|228.001
192|537.001
193|326.001
194|911.001
195|334.001
196|511.001
197|26.001
198|714.001
199|63.001
200|258.001
201|984.001
202|321.001
203|425.001
204|932.001
205|19.001
206|60.001
207|546.001
208|962.001
209|792.001
210|196.001
211|882.001
212|24.001
213|107.001
214|320.001
215|200.001
216|636.001
217|682.001
218|260.001
219|134.001
220|676.001
221|158.001
222|262.001
223|610.001
224|249.001
225|91.001
226|889.001
227|447.001
228|472.001
229|499.001
230|577.001
231|751.001
232|279.001
233|422.001
234|581.001
235|18.001
236|793.001
237|971.001
238|325.001
239|696.001
240|831.001
241|475.001
242|137.001
243|852.001
244|977.001
245|415.001
246|592.001
247|378.001
248|525.001
249|646.001
250|416.001
251|656.001
252|317.001
253|614.001
254|930.001
255|727.001
256|841.001
257|668.001
258|917.001
259|451.001
260|879.001
261|343.001
262|282.001
263|316.001
264|374.001
265|670.001
266|170.001
267|487.001
268|765.001
269|353.001
270|679.001
271|287.001
272|177.001
273|723.001
274|361.001
275|893.001
276|651.001
277|753.001
278|372.001
279|787.001
280|354.001
281|203.001
282|228.001
283|117.001
284|16.001
285|625.001
286|800.001
287|601.001
288|545.001
289|895.001
290|275.001
291|953.001
292|342.001
293|348.001
294|815.001
295|774.001
296|697.001
297|976.001
298|516.001
299|912.001
300|913.001
301|847.001
302|612.001
303|13.001
304|980.001
305|746.001
306|270.001
307|662.001
308|2.001
309|939.001
310|528.001
311|705.001
312|611.001
313|289.001
314|972.001
315|186.001
316|623.001
317|912.001
318|791.001
319|464.001
320|738.001
321|793.001
322|797.001
323|97.001
324|902.001
325|169.001
326|448.001
327|416.001
328|261.001
329|215.001
330|769.001
331|167.001
332|688.001
333|658.001
334|120.001
335|912.001
336|724.001
337|729.001
338|739.001
339|254.001
340|771.001
341|59.001
342|206.001
343|263.001
344|38.001
345|171.001
346|158.001
347|6.001
348|452.001
349|299.001
350|70.001
351|317.001
352|978.001
353|876.001
354|46.001
355|110.001
356|243.001
357|773.001
358|335.001
359|735.001
360|506.001
361|401.001
362|255.001
363|352.001
364|242.001
365|844.001
366|312.001
367|804.001
368|216.001
369|194.001
370|348.001
371|615.001
372|712.001
373|14.001
374|610.001
375|445.001
376|920.001
377|426.001
378|867.001
379|871.001
380|444.001
381|495.001
382|607.001
383|29.001
384|417.001
385|869.001
386|325.001
387|215.001
388|890.001
389|229.001
390|249.001
391|406.001
392|578.001
393|620.001
394|180.001
395|949.001
396|638.001
397|32.001
398|757.001
399|417.001
400|591.001
401|831.001
402|843.001
403|463.001
404|60.001
405|483.001
406|237.001
407|193.001
408|451.001
409|883.001
410|142.001
411|634.001
412|812.001
413|560.001
414|728.001
415|115.001
416|974.001
417|218.001
418|444.001
419|707.001
420|841.001
421|750.001
422|455.001
423|4.001
424|889.001
425|632.001
426|355.001
427|307.001
428|572.001
429|420.001
430|838.001
431|303.001
432|989.001
433|727.001
434|66.001
435|202.001
436|1.001
437|582.001
438|47.001
439|358.001
440|753.001
441|958.001
442|538.001
443|220.001
444|244.001
445|224.001
446|320.001
447|183.001
448|106.001
449|969.001
450|351.001
451|820.001
452|752.001
453|83.001
454|501.001
455|433.001
456|72.001
457|599.001
458|604.001
459|518.001
460|390.001
461|106.001
462|789.001
463|686.001
464|511.001
465|373.001
466|145.001
467|969.001
468|362.001
469|773.001
470|315.001
471|740.001
472|287.001
473|114.001
474|532.001
475|690.001
476|967.001
477|547.001
478|333.001
479|507.001
480|191.001
481|228.001
482|725.001
483|904.001
484|441.001
485|558.001
486|81.001
487|108.001
488|588.001
489|491.001
490|413.001
491|770.001
492|173.001
493|429.001
494|263.001
495|516.001
496|145.001
497|36.001
498|382.001
499|835.001
500|189.001
501|271.001
502|53.001
503|531.001
504|720.001
505|989.001
506|570.001
507|271.001
508|975.001
509|829.001
510|693.001
511|525.001
512|33.001
513|788.001
514|509.001
515|51.001
516|991.001
517|807.001
518|726.001
519|737.001
520|677.001
521|775.001
522|594.001
523|251.001
524|422.001
525|328.001
526|853.001
527|26.001
528|698.001
529|825.001
530|896.001
531|163.001
532|12.001
533|552.001
534|881.001
535|720.001
536|226.001
537|745.001
538|561.001
539|855.001
540|919.001
541|91.001
542|783.001
543|550.001
544|51.001
545|639.001
546|711.001
547|639.001
548|189.001
549|140.001
550|245.001
551|659.001
552|858.001
553|719.001
554|376.001
555|892.001
556|708.001
557|112.001
558|709.001
559|912.001
560|338.001
561|964.001
562|403.001
563|158.001
564|878.001
565|42.001
566|774.001
567|40.001
568|928.001
569|754.001
570|698.001
571|588.001
572|428.001
573|768.001
574|364.001
575|79.001
576|199.001
577|412.001
578|443.001
579|147.001
580|181.001
581|751.001
582|726.001
583|671.001
584|913.001
585|401.001
586|848.001
587|592.001
588|376.001
589|833.001
590|389.001
591|352.001
592|869.001
593|781.001
594|874.001
595|850.001
596|24.001
597|588.001
598|303.001
599|427.001
600|736.001
601|895.001
602|638.001
603|282.001
604|689.001
605|805.001
606|567.001
607|473.001
608|797.001
609|727.001
610|632.001
611|621.001
612|806.001
613|617.001
614|455.001
615|125.001
616|858.001
617|797.001
618|480.001
619|946.001
620|611.001
621|147.001
622|517.001
623|908.001
624|136.001
625|305.001
626|769.001
627|73.001
628|693.001
629|58.001
630|961.001
631|623.001
632|519.001
633|442.001
634|861.001
635|263.001
636|156.001
637|830.001
638|216.001
639|425.001
640|433.001
641|837.001
642|64.001
643|185.001
644|204.001
645|129.001
646|808.001
647|398.001
648|968.001
649|464.001
650|927.001
651|409.001
652|411.001
653|332.001
654|873.001
655|928.001
656|388.001
657|384.001
658|447.001
659|48.001
660|192.001
661|416.001
662|709.001
663|667.001
664|701.001
665|34.001
666|862.001
667|337.001
668|669.001
669|211.001
670|162.001
671|147.001
672|981.001
673|913.001
674|571.001
675|247.001
676|518.001
677|265.001
678|606.001
679|132.001
680|91.001
681|401.001
682|463.001
683|247.001
684|686.001
685|166.001
686|228.001
687|994.001
688|124.001
689|698.001
690|952.001
691|416.001
692|818.001
693|131.001
694|280.001
695|49.001
696|688.001
697|917.001
698|167.001
699|26.001
700|490.001
701|682.001
702|707.001
703|893.001
704|51.001
705|168.001
706|371.001
707|573.001
708|995.001
709|806.001
710|20.001
711|81.001
712|934.001
713|662.001
714|680.001
715|725.001
716|884.001
717|585.001
718|176.001
719|346.001
720|384.001
721|449.001
722|983.001
723|233.001
724|81.001
725|429.001
726|827.001
727|509.001
728|202.001
729|8.001
730|593.001
731|647.001
732|17.001
733|836.001
734|837.001
735|239.001
736|378.001
737|331.001
738|880.001
739|991.001
740|66.001
741|700.001
742|966.001
743|648.001
744|988.001
745|294.001
746|254.001
747|571.001
748|286.001
749|952.001
750|24.001
751|802.001
752|287.001
753|299.001
754|950.001
755|879.001
756|685.001
757|493.001
758|990.001
759|58.001
760|198.001
761|808.001
762|753.001
763|488.001
764|576.001
765|854.001
766|408.001
767|893.001
768|448.001
769|229.001
770|145.001
771|259.001
772|617.001
773|400.001
774|446.001
775|10.001
776|597.001
777|591.001
778|854.001
779|703.001
780|559.001
781|257.001
782|909.001
783|292.001
784|893.001
785|338.001
786|65.001
787|734.001
788|472.001
789|396.001
790|471.001
791|386.001
792|677.001
793|525.001
794|848.001
795|200.001
796|444.001
797|49.001
798|557.001
799|475.001
800|59.001
801|877.001
802|855.001
803|314.001
804|357.001
805|8.001
806|49.001
807|787.001
808|589.001
809|302.001
810|505.001
811|653.001
812|527.001
813|701.001
814|320.001
815|646.001
816|133.001
817|227.001
818|78.001
819|148.001
820|795.001
821|321.001
822|149.001
823|369.001
824|407.001
825|553.001
826|67.001
827|2.001
828|881.001
829|573.001
830|860.001
831|863.001
832|179.001
833|353.001
834|362.001
835|251.001
836|273.001
837|87.001
838|665.001
839|178.001
840|880.001
841|349.001
842|342.001
843|853.001
844|846.001
845|639.001
846|703.001
847|380.001
848|354.001
849|776.001
850|577.001
851|153.001
852|256.001
853|661.001
854|397.001
855|490.001
856|674.001
857|588.001
858|303.001
859|86.001
860|569.001
861|253.001
862|342.001
863|414.001
864|290.001
865|935.001
866|656.001
867|375.001
868|357.001
869|497.001
870|262.001
871|244.001
872|991.001
873|510.001
874|274.001
875|368.001
876|808.001
877|908.001
878|357.001
879|381.001
880|225.001
881|5.001
882|836.001
883|603.001
884|128.001
885|800.001
886|138.001
887|833.001
888|178.001
889|689.001
890|293.001
891|70.001
892|831.001
893|916.001
894|101.001
895|936.001
896|762.001
897|766.001
898|291.001
899|459.001
900|660.001
901|672.001
902|542.001
903|343.001
904|86.001
905|483.001
906|180.001
907|911.001
908|846.001
909|686.001
910|174.001
911|228.001
912|825.001
913|447.001
914|913.001
915|47.001
916|700.001
917|66.001
918|742.001
919|310.001
920|876.001
921|218.001
922|217.001
923|269.001
924|205.001
925|606.001
926|667.001
927|491.001
928|898.001
929|726.001
930|470.001
931|584.001
932|539.001
933|337.001
934|577.001
935|759.001
936|289.001
937|383.001
938|280.001
939|256.001
940|747.001
941|726.001
942|724.001
943|211.001
944|316.001
945|514.001
946|416.001
947|130.001
948|611.001
949|202.001
950|98.001
951|438.001
952|414.001
953|480.001
954|577.001
955|486.001
956|421.001
957|925.001
958|546.001
959|16.001
960|241.001
961|725.001
962|864.001
963|699.001
964|341.001
965|1.001
966|514.001
967|461.001
968|405.001
969|15.001
970|563.001
971|487.001
972|169.001
973|139.001
974|577.001
975|936.001
976|72.001
977|826.001
978|127.001
979|350.001
980|912.001
981|812.001
982|136.001
983|725.001
984|431.001
985|658.001
986|452.001
987|498.001
988|640.001
989|179.001
990|754.001
991|401.001
992|208.001
993|220.001
994|787.001
995|654.001
996|503.001
997|70.001
998|114.001
999|234.001
