1|72.001
2|932.001
3|196.001
4|99.001
5|674.001
6|4.001
7|406.001
8|725.001
9|621.001
10|78.001
11|972.001
12|448.001
13|228.001
14|102.001
15|58.001
16|913.001
17|326.001
18|26.001
19|261.001
20|571.001
21|103.001
22|94.001
23|288.001
24|932.001
25|688.001
26|38.001
27|11.001
28|166.001
29|301.001
30|337.001
31|516.001
32|949.001
33|206.001
34|836.001
35|44.001
36|68.001
37|276.001
38|388.001
39|30.001
40|999.001
41|802.001
42|62.001
43|865.001
44|545.001
45|802.001
46|178.001
47|590.001
48|209.001
49|269.001
50|579.001
51|255.001
52|889.001
53|472.001
54|83.001
55|825.001
56|203.001
57|188.001
58|947.001
59|68.001
60|832.001
61|5.001
62|711.001
63|955.001
64|900.001
65|429.001
66|909.001
67|48.001
68|40.001
69|101.001
70|536.001
71|389.001
72|875.001
73|574.001
74|817.001
75|735.001
76|271.001
77|862.001
78|108.001
79|561.001
80|214.001
81|760.001
82|769.001
83|476.001
84|219.001
85|539.001
86|823.001
87|143.001
88|254.001
89|237.001
90|469.001
91|348.001
92|234.001
93|72.001
94|261.001
95|345.001
96|344.001
97|719.001
98|79.001
99|532.001
100|613.001
101|825.001
102|257.001
103|310.001
104|560.001
105|557.001
106|242.001
107|329.001
108|177.001
109|298.001
110|992.001
111|654.001
112|964.001
113|245.001
114|869.001
115|334.001
116|669.001
117|246.001
118|107.001
119|230.001
120|190.001
121|293.001
122|488.001
123|235.001
124|903.001
125|601.001
126|391.001
127|561.001
128|7.001
129|925.001
130|170.001
131|671.001
132|573.001
133|258.001
134|683.001
135|366.001
136|377.001
137|613.001
138|540.001
139|835.001
140|467.001
141|914.001
142|485.001
143|818.001
144|663.001
145|90.001
146|663.001
147|323.001
148|34.001
149|443.001
150|498.001
151|766.001
152|855.001
153|93.001
154|112.001
155|383.001
156|856.001
157|958.001
158|164.001
159|772.001
160|941.001
161|834.001
162|632.001
163|411.001
164|715.001
165|595.001
166|201.001
167|949.001
168|578.001
169|990.001
170|979.001
171|864.001
172|402.001
173|454.001
174|784.001
175|364.001
176|123.001
177|700.001
178|575.001
179|403.001
180|237.001
181|616.001
182|808.001
183|137.001
184|185.001
185|61.001
186|87.001
187|567.001
188|645.001
189|407.001
190|767.001
191|581.001
192|659.001
193|102.001
194|654.001
195|664.001
196|75.001
197|597.001
198|987.001
199|911.001
200|530.001
201|900.001
202|589.001
203|335.001
204|566.001
205|452.001
206|163.001
207|888.001
208|729.001
209|846.001
210|270.001
211|576.001
212|140.001
213|651.001
214|547.001
215|226.001
216|16.001
217|299.001
218|722.001
219|169.001
220|346.001
221|942.001
222|571.001
223|492.001
224|486.001
225|139.001
226|61.001
227|908.001
228|326.001
229|630.001
230|361.001
231|346.001
232|686.001
233|221.001
234|448.001
235|911.001
236|488.001
237|778.001
238|538.001
239|361.001
240|176.001
241|347.001
242|948.001
243|28.001
244|26.001
245|383.001
246|358.001
247|650.001
248|455.001
249|190.001
250|551.001
251|61.001
252|924.001
253|930.001
254|910.001
255|595.001
256|624.001
257|67.001
258|67.001
259|250.001
260|221.001
261|715.001
262|552.001
263|181.001
264|789.001
265|890.001
266|546.001
267|484.001
268|470.001
269|554.001
270|937.001
271|117.001
272|725.001
273|823.001
274|356.001
275|648.001
276|767.001
277|936.001
278|315.001
279|900.001
280|56.001
281|412.001
282|248.001
283|585.001
284|107.001
285|527.001
286|209.001
287|216.001
288|550.001
289|215.001
290|661.001
291|987.001
292|829.001
293|308.001
294|404.001
295|734.001
296|464.001
297|453.001
298|643.001
299|608.001
300|910.001
301|730.001
302|930.001
303|789.001
304|924.001
305|445.001
306|260.001
307|452.001
308|886.001
309|561.001
310|685.001
311|708.001
312|834.001
313|464.001
314|265.001
315|163.001
316|515.001
317|577.001
318|51.001
319|592.001
320|101.001
321|690.001
322|423.001
323|701.001
324|730.001
325|168.001
326|754.001
327|572.001
328|418.001
329|459.001
330|31.001
331|394.001
332|34.001
333|211.001
334|256.001
335|190.001
336|449.001
337|82.001
338|254.001
339|725.001
340|405.001
341|507.001
342|318.001
343|560.001
344|330.001
345|993.001
346|317.001
347|298.001
348|928.001
349|258.001
350|106.001
351|383.001
352|641.001
353|467.001
354|173.001
355|798.001
356|674.001
357|730.001
358|352.001
359|548.001
360|870.001
361|457.001
362|418.001
363|86.001
364|725.001
365|305.001
366|927.001
367|10.001
368|41.001
369|932.001
370|766.001
371|863.001
372|677.001
373|716.001
374|210.001
375|494.001
376|135.001
377|984.001
378|401.001
379|553.001
380|845.001
381|903.001
382|13.001
383|561.001
384|433.001
385|332.001
386|374.001
387|327.001
388|92.001
389|936.001
390|636.001
391|649.001
392|95.001
393|548.001
394|370.001
395|765.001
396|339.001
397|390.001
398|510.001
399|262.001
400|984.001
401|695.001
402|217.001
403|892.001
404|160.001
405|594.001
406|996.001
407|640.001
408|998.001
409|294.001
410|209.001
411|336.001
412|112.001
413|890.001
414|307.001
415|382.001
416|560.001
417|912.001
418|517.001
419|974.001
420|817.001
421|15.001
422|376.001
423|749.001
424|901.001
425|767.001
426|60.001
427|185.001
428|269.001
429|995.001
430|519.001
431|639.001
432|767.001
433|699.001
434|713.001
435|172.001
436|139.001
437|343.001
438|618.001
439|753.001
440|217.001
441|825.001
442|464.001
443|657.001
444|993.001
445|753.001
446|319.001
447|459.001
448|147.001
449|914.001
450|303.001
451|150.001
452|811.001
453|60.001
454|587.001
455|547.001
456|137.001
457|497.001
458|209.001
459|608.001
460|969.001
461|247.001
462|777.001
463|459.001
464|686.001
465|896.001
466|848.001
467|251.001
468|418.001
469|172.001
470|132.001
471|204.001
472|797.001
473|996.001
474|671.001
475|707.001
476|590.001
477|92.001
478|92.001
479|382.001
480|780.001
481|766.001
482|275.001
483|52.001
484|594.001
485|760.001
486|377.001
487|814.001
488|302.001
489|685.001
490|371.001
491|899.001
492|635.001
493|929.001
494|674.001
495|65.001
496|514.001
497|223.001
498|173.001
499|295.001
500|71.001
501|904.001
502|65.001
503|705.001
504|628.001
505|641.001
506|10.001
507|755.001
508|354.001
509|76.001
510|651.001
511|322.001
512|198.001
513|856.001
514|18.001
515|157.001
516|862.001
517|26.001
518|857.001
519|110.001
520|509.001
521|939.001
522|996.001
523|863.001
524|813.001
525|58.001
526|291.001
527|766.001
528|5.001
529|192.001
530|538.001
531|767.001
532|194.001
533|805.001
534|129.001
535|459.001
536|863.001
537|332.001
538|0.001
539|708.001
540|740.001
541|720.001
542|651.001
543|342.001
544|126.001
545|880.001
546|44.001
547|859.001
548|741.001
549|967.001
550|651.001
551|602.001
552|650.001
553|609.001
554|494.001
555|199.001
556|896.001
557|77.001
558|161.001
559|595.001
560|744.001
561|60.001
562|152.001
563|610.001
564|892.001
565|510.001
566|612.001
567|396.001
568|370.001
569|899.001
570|638.001
571|343.001
572|141.001
573|466.001
574|462.001
575|738.001
576|821.001
577|884.001
578|630.001
579|911.001
580|244.001
581|709.001
582|175.001
583|685.001
584|648.001
585|146.001
586|731.001
587|939.001
588|844.001
589|265.001
590|690.001
591|89.001
592|877.001
593|367.001
594|491.001
595|961.001
596|698.001
597|563.001
598|126.001
599|65.001
600|934.001
601|484.001
602|729.001
603|149.001
604|904.001
605|835.001
606|602.001
607|808.001
608|147.001
609|639.001
610|165.001
611|420.001
612|457.001
613|397.001
614|438.001
615|871.001
616|421.001
617|8.001
618|688.001
619|262.001
620|407.001
621|779.001
622|950.001
623|19.001
624|230.001
625|333.001
626|386.001
627|77.001
628|926.001
629|46.001
630|285.001
631|950.001
632|235.001
633|169.001
634|702.001
635|968.001
636|143.001
637|107.001
638|203.001
639|543.001
640|990.001
641|47.001
642|626.001
643|709.001
644|505.001
645|405.001
646|314.001
647|350.001
648|345.001
649|999.001
650|228.001
651|596.001
652|452.001
653|863.001
654|110.001
655|974.001
656|291.001
657|479.001
658|135.001
659|76.001
660|391.001
661|882.001
662|297.001
663|63.001
664|515.001
665|104.001
666|444.001
667|484.001
668|833.001
669|504.001
670|508.001
671|908.001
672|609.001
673|571.001
674|727.001
675|12.001
676|266.001
677|569.001
678|977.001
679|57.001
680|639.001
681|889.001
682|566.001
683|660.001
684|528.001
685|598.001
686|289.001
687|711.001
688|503.001
689|911.001
690|180.001
691|12.001
692|575.001
693|953.001
694|12.001
695|285.001
696|290.001
697|247.001
698|729.001
699|116.001
700|73.001
701|930.001
702|127.001
703|614.001
704|395.001
705|47.001
706|732.001
707|974.001
708|907.001
709|972.001
710|805.001
711|908.001
712|94.001
713|800.001
714|363.001
715|132.001
716|840.001
717|79.001
718|353.001
719|114.001
720|414.001
721|997.001
722|908.001
723|982.001
724|379.001
725|26.001
726|192.001
727|834.001
728|649.001
729|406.001
730|321.001
731|832.001
732|244.001
733|293.001
734|529.001
735|36.001
736|222.001
737|767.001
738|48.001
739|621.001
740|638.001
741|269.001
742|55.001
743|778.001
744|244.001
745|893.001
746|650.001
747|784.001
748|942.001
749|567.001
750|520.001
751|541.001
752|954.001
753|963.001
754|109.001
755|274.001
756|852.001
757|131.001
758|455.001
759|565.001
760|368.001
761|289.001
762|973.001
763|843.001
764|972.001
765|470.001
766|566.001
767|505.001
768|113.001
769|8.001
770|840.001
771|892.001
772|64.001
773|911.001
774|301.001
775|414.001
776|129.001
777|137.001
778|568.001
779|796.001
780|316.001
781|595.001
782|412.001
783|629.001
784|832.001
785|208.001
786|937.001
787|376.001
788|699.001
789|708.001
790|39.001
791|581.001
792|822.001
793|413.001
794|535.001
795|457.001
796|538.001
797|469.001
798|737.001
799|632.001
800|252.001
801|610.001
802|452.001
803|234.001
804|79.001
805|308.001
806|272.001
807|223.001
808|487.001
809|648.001
810|70.001
811|765.001
812|955.001
813|736.001
814|340.001
815|466.001
816|313.001
817|785.001
818|663.001
819|760.001
820|599.001
821|192.001
822|608.001
823|206.001
824|654.001
825|2.001
826|65.001
827|668.001
828|683.001
829|334.001
830|765.001
831|409.001
832|103.001
833|689.001
834|148.001
835|373.001
836|858.001
837|64.001
838|644.001
839|588.001
840|189.001
841|929.001
842|451.001
843|775.001
844|57.001
845|205.001
846|809.001
847|984.001
848|603.001
849|638.001
850|857.001
851|504.001
852|175.001
853|66.001
854|356.001
855|347.001
856|874.001
857|884.001
858|114.001
859|51.001
860|211.001
861|147.001
862|199.001
863|826.001
864|906.001
865|668.001
866|379.001
867|642.001
868|679.001
869|502.001
870|183.001
871|409.001
872|235.001
873|653.001
874|752.001
875|954.001
876|269.001
877|871.001
878|493.001
879|978.001
880|572.001
881|567.001
882|273.001
883|112.001
884|363.001
885|183.001
886|239.001
887|821.001
888|541.001
889|4.001
890|298.001
891|928.001
892|51.001
893|565.001
894|395.001
895|872.001
896|91.001
897|96.001
898|657.001
899|281.001
900|272.001
901|708.001
902|627.001
903|914.001
904|568.001
905|631.001
906|180.001
907|898.001
908|101.001
909|411.001
910|41.001
911|377.001
912|637.001
913|873.001
914|756.001
915|951.001
916|940.001
917|564.001
918|333.001
919|507.001
920|315.001
921|668.001
922|969.001
923|629.001
924|263.001
925|252.001
926|4.001
927|589.001
928|842.001
929|895.001
930|904.001
931|687.001
932|165.001
933|359.001
934|542.001
935|391.001
936|315.001
937|279.001
938|208.001
939|96.001
940|328.001
941|972.001
942|735.001
943|520.001
944|928.001
945|535.001
946|560.001
947|138.001
948|716.001
949|415.001
950|942.001
951|393.001
952|31.001
953|1.001
954|786.001
955|66.001
956|319.001
957|457.001
958|295.001
959|300.001
960|543.001
961|22.001
962|772.001
963|192.001
964|946.001
965|346.001
966|231.001
967|225.001
968|474.001
969|129.001
970|863.001
971|997.001
972|397.001
973|472.001
974|138.001
975|402.001
976|709.001
977|372.001
978|673.001
979|853.001
980|58.001
981|548.001
982|759.001
983|143.001
984|804.001
985|884.001
986|925.001
987|371.001
988|406.001
989|65.001
990|270.001
991|581.001
992|624.001
993|348.001
994|933.001
995|925.001
996|750.001
997|872.001
998|461.001
999|444.001
