1|253.001
2|156.001
3|823.001
4|525.001
5|537.001
6|466.001
7|841.001
8|219.001
9|519.001
10|968.001
11|672.001
12|583.001
13|967.001
14|196.001
15|606.001
16|922.001
17|194.001
18|589.001
19|46.001
20|285.001
21|303.001
22|571.001
23|765.001
24|490.001
25|703.001
26|328.001
27|431.001
28|176.001
29|931.001
30|988.001
31|33.001
32|482.001
33|752.001
34|27.001
35|301.001
36|867.001
37|278.001
38|327.001
39|626.001
40|133.001
41|174.001
42|456.001
43|158.001
44|124.001
45|862.001
46|830.001
47|632.001
48|711.001
49|438.001
50|492.001
51|174.001
52|38.001
53|699.001
54|167.001
55|691.001
56|7.001
57|259.001
58|934.001
59|788.001
60|367.001
61|736.001
62|706.001
63|572.001
64|516.001
65|945.001
66|886.001
67|838.001
68|672.001
69|994.001
70|279.001
71|871.001
72|683.001
73|944.001
74|717.001
75|515.001
76|801.001
77|303.001
78|704.001
79|86.001
80|64.001
81|328.001
82|335.001
83|120.001
84|332.001
85|925.001
86|431.001
87|223.001
88|502.001
89|807.001
90|434.001
91|627.001
92|340.001
93|709.001
94|721.001
95|646.001
96|299.001
97|81.001
98|728.001
99|60.001
100|484.001
101|156.001
102|171.001
103|813.001
104|68.001
105|843.001
106|546.001
107|503.001
108|710.001
109|742.001
110|946.001
111|741.001
112|667.001
113|862.001
114|903.001
115|616.001
116|636.001
117|911.001
118|948.001
119|639.001
120|88.001
121|565.001
122|579.001
123|200.001
124|314.001
125|243.001
126|926.001
127|700.001
128|895.001
129|723.001
130|760.001
131|403.001
132|776.001
133|533.001
134|750.001
135|159.001
136|13.001
137|367.001
138|593.001
139|101.001
140|462.001
141|976.001
142|248.001
143|955.001
144|872.001
145|92.001
146|126.001
147|457.001
148|837.001
149|695.001
150|347.001
151|351.001
152|232.001
153|336.001
154|907.001
155|359.001
156|48.001
157|801.001
158|283.001
159|654.001
160|946.001
161|653.001
162|868.001
163|648.001
164|554.001
165|313.001
166|434.001
167|982.001
168|11.001
169|932.001
170|947.001
171|537.001
172|146.001
173|425.001
174|646.001
175|337.001
176|458.001
177|455.001
178|415.001
179|404.001
180|525.001
181|173.001
182|476.001
183|779.001
184|928.001
185|249.001
186|426.001
187|297.001
188|807.001
189|291.001
190|917.001
191|879.001
192|134.001
193|654.001
194|116.001
195|965.001
196|972.001
197|815.001
198|130.001
199|801.001
200|449.001
201|732.001
202|482.001
203|168.001
204|52.001
205|523.001
206|500.001
207|727.001
208|476.001
209|58.001
210|855.001
211|152.001
212|414.001
213|413.001
214|885.001
215|790.001
216|879.001
217|480.001
218|823.001
219|908.001
220|87.001
221|880.001
222|770.001
223|193.001
224|761.001
225|743.001
226|761.001
227|723.001
228|185.001
229|294.001
230|909.001
231|624.001
232|62.001
233|967.001
234|346.001
235|16.001
236|964.001
237|516.001
238|116.001
239|806.001
240|563.001
241|591.001
242|170.001
243|200.001
244|786.001
245|322.001
246|991.001
247|120.001
248|567.001
249|143.001
250|936.001
251|572.001
252|199.001
253|197.001
254|85.001
255|687.001
256|135.001
257|920.001
258|554.001
259|611.001
260|243.001
261|66.001
262|116.001
263|775.001
264|566.001
265|296.001
266|974.001
267|343.001
268|618.001
269|867.001
270|407.001
271|943.001
272|285.001
273|970.001
274|389.001
275|312.001
276|828.001
277|942.001
278|398.001
279|176.001
280|858.001
281|805.001
282|707.001
283|367.001
284|913.001
285|609.001
286|501.001
287|412.001
288|258.001
289|879.001
290|121.001
291|316.001
292|183.001
293|540.001
294|449.001
295|74.001
296|983.001
297|253.001
298|457.001
299|715.001
300|953.001
301|744.001
302|80.001
303|706.001
304|602.001
305|691.001
306|688.001
307|786.001
308|217.001
309|241.001
310|145.001
311|103.001
312|969.001
313|244.001
314|183.001
315|94.001
316|8.001
317|83.001
318|287.001
319|53.001
320|560.001
321|405.001
322|668.001
323|745.001
324|815.001
325|203.001
326|779.001
327|961.001
328|620.001
329|596.001
330|388.001
331|742.001
332|760.001
333|857.001
334|368.001
335|866.001
336|127.001
337|355.001
338|297.001
339|4.001
340|846.001
341|743.001
342|98.001
343|542.001
344|216.001
345|199.001
346|114.001
347|717.001
348|98.001
349|906.001
350|206.001
351|699.001
352|216.001
353|687.001
354|674.001
355|36.001
356|132.001
357|103.001
358|515.001
359|997.001
360|996.001
361|739.001
362|609.001
363|789.001
364|920.001
365|374.001
366|393.001
367|964.001
368|84.001
369|135.001
370|229.001
371|305.001
372|82.001
373|50.001
374|551.001
375|235.001
376|794.001
377|770.001
378|249.001
379|511.001
380|741.001
381|369.001
382|979.001
383|625.001
384|578.001
385|346.001
386|785.001
387|15.001
388|213.001
389|189.001
390|516.001
391|317.001
392|447.001
393|869.001
394|835.001
395|362.001
396|348.001
397|382.001
398|455.001
399|891.001
400|607.001
401|945.001
402|831.001
403|571.001
404|305.001
405|938.001
406|741.001
407|124.001
408|727.001
409|978.001
410|665.001
411|986.001
412|565.001
413|574.001
414|669.001
415|38.001
416|57.001
417|223.001
418|986.001
419|759.001
420|288.001
421|621.001
422|636.001
423|304.001
424|205.001
425|616.001
426|446.001
427|30.001
428|531.001
429|14.001
430|353.001
431|933.001
432|481.001
433|449.001
434|305.001
435|598.001
436|717.001
437|126.001
438|531.001
439|88.001
440|459.001
441|350.001
442|534.001
443|938.001
444|815.001
445|105.001
446|852.001
447|150.001
448|39.001
449|672.001
450|721.001
451|653.001
452|721.001
453|215.001
454|694.001
455|421.001
456|590.001
457|182.001
458|953.001
459|855.001
460|619.001
461|976.001
462|139.001
463|239.001
464|44.001
465|98.001
466|351.001
467|413.001
468|524.001
469|4.001
470|336.001
471|398.001
472|688.001
473|771.001
474|941.001
475|713.001
476|938.001
477|978.001
478|577.001
479|135.001
480|779.001
481|669.001
482|48.001
483|459.001
484|312.001
485|220.001
486|647.001
487|115.001
488|709.001
489|951.001
490|348.001
491|475.001
492|333.001
493|538.001
494|555.001
495|557.001
496|285.001
497|239.001
498|2.001
499|465.001
500|160.001
501|636.001
502|325.001
503|963.001
504|413.001
505|532.001
506|167.001
507|895.001
508|482.001
509|293.001
510|278.001
511|888.001
512|310.001
513|543.001
514|450.001
515|534.001
516|891.001
517|136.001
518|178.001
519|181.001
520|322.001
521|784.001
522|729.001
523|25.001
524|616.001
525|91.001
526|171.001
527|954.001
528|663.001
529|470.001
530|28.001
531|942.001
532|206.001
533|596.001
534|968.001
535|492.001
536|943.001
537|890.001
538|529.001
539|866.001
540|479.001
541|108.001
542|209.001
543|132.001
544|645.001
545|274.001
546|554.001
547|88.001
548|122.001
549|404.001
550|671.001
551|630.001
552|870.001
553|32.001
554|954.001
555|564.001
556|126.001
557|972.001
558|695.001
559|506.001
560|234.001
561|813.001
562|594.001
563|169.001
564|301.001
565|570.001
566|33.001
567|272.001
568|614.001
569|760.001
570|188.001
571|453.001
572|882.001
573|231.001
574|573.001
575|952.001
576|653.001
577|219.001
578|812.001
579|680.001
580|285.001
581|804.001
582|788.001
583|36.001
584|521.001
585|730.001
586|399.001
587|82.001
588|338.001
589|779.001
590|844.001
591|6.001
592|632.001
593|711.001
594|26.001
595|682.001
596|629.001
597|56.001
598|351.001
599|186.001
600|753.001
601|854.001
602|960.001
603|893.001
604|622.001
605|47.001
606|289.001
607|14.001
608|798.001
609|236.001
610|156.001
611|721.001
612|429.001
613|803.001
614|353.001
615|123.001
616|213.001
617|601.001
618|427.001
619|556.001
620|31.001
621|347.001
622|249.001
623|123.001
624|395.001
625|456.001
626|12.001
627|18.001
628|872.001
629|194.001
630|800.001
631|434.001
632|160.001
633|774.001
634|932.001
635|876.001
636|224.001
637|285.001
638|216.001
639|79.001
640|733.001
641|392.001
642|436.001
643|81.001
644|739.001
645|64.001
646|178.001
647|392.001
648|371.001
649|901.001
650|805.001
651|31.001
652|77.001
653|783.001
654|715.001
655|598.001
656|177.001
657|172.001
658|296.001
659|837.001
660|460.001
661|946.001
662|453.001
663|264.001
664|888.001
665|6.001
666|195.001
667|538.001
668|943.001
669|671.001
670|723.001
671|567.001
672|134.001
673|890.001
674|133.001
675|477.001
676|148.001
677|667.001
678|61.001
679|606.001
680|989.001
681|252.001
682|512.001
683|540.001
684|714.001
685|631.001
686|85.001
687|336.001
688|424.001
689|938.001
690|592.001
691|888.001
692|271.001
693|804.001
694|380.001
695|430.001
696|675.001
697|417.001
698|978.001
699|912.001
700|78.001
701|174.001
702|521.001
703|882.001
704|957.001
705|440.001
706|677.001
707|409.001
708|519.001
709|582.001
710|942.001
711|857.001
712|502.001
713|773.001
714|781.001
715|326.001
716|0.001
717|677.001
718|400.001
719|639.001
720|328.001
721|620.001
722|110.001
723|729.001
724|837.001
725|293.001
726|397.001
727|94.001
728|902.001
729|84.001
730|783.001
731|510.001
732|359.001
733|689.001
734|105.001
735|361.001
736|535.001
737|301.001
738|156.001
739|697.001
740|233.001
741|175.001
742|808.001
743|7.001
744|284.001
745|811.001
746|810.001
747|712.001
748|536.001
749|794.001
750|443.001
751|14.001
752|834.001
753|551.001
754|479.001
755|694.001
756|674.001
757|704.001
758|225.001
759|153.001
760|388.001
761|47.001
762|609.001
763|472.001
764|260.001
765|282.001
766|335.001
767|621.001
768|694.001
769|144.001
770|566.001
771|326.001
772|366.001
773|481.001
774|526.001
775|169.001
776|269.001
777|3.001
778|509.001
779|859.001
780|599.001
781|754.001
782|30.001
783|406.001
784|360.001
785|202.001
786|851.001
787|863.001
788|734.001
789|599.001
790|586.001
791|16.001
792|337.001
793|59.001
794|771.001
795|625.001
796|749.001
797|692.001
798|890.001
799|52.001
800|595.001
801|155.001
802|138.001
803|305.001
804|28.001
805|356.001
806|402.001
807|791.001
808|834.001
809|231.001
810|928.001
811|865.001
812|300.001
813|362.001
814|268.001
815|623.001
816|609.001
817|143.001
818|38.001
819|774.001
820|396.001
821|778.001
822|664.001
823|414.001
824|19.001
825|519.001
826|421.001
827|670.001
828|704.001
829|689.001
830|221.001
831|758.001
832|64.001
833|76.001
834|47.001
835|932.001
836|941.001
837|800.001
838|777.001
839|339.001
840|20.001
841|270.001
842|982.001
843|939.001
844|422.001
845|115.001
846|363.001
847|729.001
848|707.001
849|394.001
850|92.001
851|957.001
852|510.001
853|436.001
854|991.001
855|53.001
856|961.001
857|952.001
858|409.001
859|216.001
860|975.001
861|862.001
862|651.001
863|69.001
864|927.001
865|233.001
866|176.001
867|304.001
868|348.001
869|453.001
870|168.001
871|728.001
872|732.001
873|238.001
874|999.001
875|227.001
876|208.001
877|90.001
878|803.001
879|289.001
880|518.001
881|751.001
882|639.001
883|316.001
884|740.001
885|259.001
886|404.001
887|384.001
888|348.001
889|463.001
890|134.001
891|93.001
892|677.001
893|314.001
894|621.001
895|586.001
896|412.001
897|948.001
898|986.001
899|462.001
900|451.001
901|408.001
902|992.001
903|193.001
904|255.001
905|53.001
906|650.001
907|855.001
908|158.001
909|419.001
910|177.001
911|282.001
912|516.001
913|135.001
914|455.001
915|197.001
916|750.001
917|370.001
918|589.001
919|367.001
920|333.001
921|325.001
922|88.001
923|250.001
924|895.001
925|44.001
926|170.001
927|877.001
928|185.001
929|352.001
930|71.001
931|14.001
932|591.001
933|843.001
934|603.001
935|29.001
936|579.001
937|343.001
938|789.001
939|195.001
940|983.001
941|798.001
942|673.001
943|895.001
944|295.001
945|582.001
946|559.001
947|878.001
948|759.001
949|815.001
950|579.001
951|429.001
952|324.001
953|814.001
954|635.001
955|842.001
956|930.001
957|667.001
958|836.001
959|188.001
960|257.001
961|772.001
962|585.001
963|664.001
964|110.001
965|366.001
966|410.001
967|38.001
968|872.001
969|18.001
970|906.001
971|866.001
972|19.001
973|713.001
974|332.001
975|601.001
976|26.001
977|118.001
978|343.001
979|766.001
980|225.001
981|6.001
982|220.001
983|956.001
984|938.001
985|387.001
986|482.001
987|618.001
988|911.001
989|229.001
990|249.001
991|718.001
992|911.001
993|637.001
994|624.001
995|477.001
996|742.001
997|498.001
998|733.001
999|728.001
