1|365.001
2|291.001
3|780.001
4|607.001
5|766.001
6|201.001
7|874.001
8|895.001
9|820.001
10|501.001
11|78.001
12|503.001
13|634.001
14|431.001
15|883.001
16|21.001
17|169.001
18|662.001
19|108.001
20|845.001
21|259.001
22|372.001
23|70.001
24|181.001
25|32.001
26|378.001
27|415.001
28|878.001
29|361.001
30|567.001
31|798.001
32|440.001
33|183.001
34|964.001
35|870.001
36|890.001
37|116.001
38|791.001
39|627.001
40|113.001
41|756.001
42|688.001
43|652.001
44|729.001
45|483.001
46|804.001
47|112.001
48|256.001
49|410.001
50|890.001
51|293.001
52|89.001
53|211.001
54|527.001
55|572.001
56|396.001
57|443.001
58|627.001
59|346.001
60|288.001
61|267.001
62|643.001
63|563.001
64|468.001
65|715.001
66|819.001
67|813.001
68|161.001
69|573.001
70|145.001
71|968.001
72|338.001
73|96.001
74|515.001
75|308.001
76|846.001
77|531.001
78|685.001
79|51.001
80|399.001
81|35.001
82|83.001
83|808.001
84|866.001
85|894.001
86|34.001
87|834.001
88|463.001
89|307.001
90|278.001
91|24.001
92|921.001
93|334.001
94|118.001
95|628.001
96|775.001
97|394.001
98|608.001
99|203.001
100|717.001
101|955.001
102|226.001
103|140.001
104|182.001
105|765.001
106|860.001
107|952.001
108|771.001
109|767.001
110|563.001
111|355.001
112|422.001
113|500.001
114|483.001
115|706.001
116|952.001
117|850.001
118|556.001
119|12.001
120|18.001
121|349.001
122|23.001
123|395.001
124|867.001
125|761.001
126|607.001
127|290.001
128|125.001
129|698.001
130|915.001
131|18.001
132|14.001
133|371.001
134|692.001
135|632.001
136|894.001
137|763.001
138|841.001
139|484.001
140|675.001
141|104.001
142|817.001
143|293.001
144|523.001
145|863.001
146|203.001
147|778.001
148|249.001
149|956.001
150|509.001
151|846.001
152|882.001
153|518.001
154|44.001
155|826.001
156|14.001
157|514.001
158|321.001
159|327.001
160|139.001
161|690.001
162|414.001
163|689.001
164|881.001
165|564.001
166|775.001
167|316.001
168|30.001
169|392.001
170|283.001
171|327.001
172|884.001
173|919.001
174|67.001
175|217.001
176|917.001
177|308.001
178|437.001
179|983.001
180|423.001
181|854.001
182|475.001
183|939.001
184|785.001
185|956.001
186|823.001
187|309.001
188|314.001
189|480.001
190|537.001
191|112.001
192|360.001
193|385.001
194|52.001
195|211.001
196|551.001
197|351.001
198|576.001
199|91.001
200|284.001
201|438.001
202|857.001
203|100.001
204|352.001
205|735.001
206|644.001
207|986.001
208|845.001
209|824.001
210|980.001
211|652.001
212|978.001
213|413.001
214|842.001
215|740.001
216|803.001
217|828.001
218|50.001
219|212.001
220|254.001
221|292.001
222|716.001
223|427.001
224|973.001
225|465.001
226|26.001
227|575.001
228|963.001
229|954.001
230|936.001
231|625.001
232|503.001
233|799.001
234|307.001
235|625.001
236|443.001
237|210.001
238|959.001
239|692.001
240|375.001
241|641.001
242|512.001
243|615.001
244|503.001
245|651.001
246|318.001
247|127.001
248|443.001
249|354.001
250|501.001
251|749.001
252|703.001
253|12.001
254|402.001
255|582.001
256|13.001
257|450.001
258|219.001
259|123.001
260|101.001
261|31.001
262|214.001
263|276.001
264|148.001
265|740.001
266|318.001
267|887.001
268|822.001
269|247.001
270|249.001
271|460.001
272|581.001
273|836.001
274|474.001
275|203.001
276|782.001
277|233.001
278|518.001
279|681.001
280|595.001
281|637.001
282|718.001
283|52.001
284|777.001
285|264.001
286|980.001
287|787.001
288|781.001
289|557.001
290|211.001
291|20.001
292|194.001
293|468.001
294|550.001
295|379.001
296|395.001
297|282.001
298|67.001
299|352.001
300|997.001
301|512.001
302|304.001
303|343.001
304|237.001
305|898.001
306|328.001
307|499.001
308|926.001
309|501.001
310|186.001
311|267.001
312|702.001
313|684.001
314|470.001
315|745.001
316|917.001
317|722.001
318|182.001
319|343.001
320|53.001
321|704.001
322|123.001
323|949.001
324|815.001
325|601.001
326|8.001
327|757.001
328|446.001
329|315.001
330|66.001
331|430.001
332|817.001
333|263.001
334|484.001
335|805.001
336|281.001
337|608.001
338|714.001
339|898.001
340|916.001
341|173.001
342|726.001
343|490.001
344|248.001
345|161.001
346|192.001
347|825.001
348|911.001
349|173.001
350|310.001
351|259.001
352|160.001
353|554.001
354|576.001
355|977.001
356|861.001
357|489.001
358|953.001
359|391.001
360|321.001
361|402.001
362|522.001
363|974.001
364|100.001
365|464.001
366|542.001
367|691.001
368|27.001
369|506.001
370|194.001
371|672.001
372|363.001
373|522.001
374|980.001
375|425.001
376|15.001
377|501.001
378|20.001
379|954.001
380|633.001
381|490.001
382|893.001
383|264.001
384|988.001
385|896.001
386|249.001
387|263.001
388|349.001
389|888.001
390|952.001
391|642.001
392|497.001
393|891.001
394|996.001
395|81.001
396|757.001
397|582.001
398|328.001
399|651.001
400|168.001
401|375.001
402|728.001
403|797.001
404|387.001
405|762.001
406|81.001
407|476.001
408|814.001
409|39.001
410|87.001
411|67.001
412|473.001
413|93.001
414|229.001
415|298.001
416|94.001
417|858.001
418|50.001
419|574.001
420|15.001
421|196.001
422|286.001
423|328.001
424|869.001
425|664.001
426|913.001
427|235.001
428|848.001
429|173.001
430|885.001
431|898.001
432|412.001
433|366.001
434|786.001
435|205.001
436|469.001
437|517.001
438|158.001
439|377.001
440|126.001
441|836.001
442|498.001
443|876.001
444|512.001
445|660.001
446|922.001
447|292.001
448|653.001
449|303.001
450|708.001
451|725.001
452|837.001
453|917.001
454|628.001
455|255.001
456|337.001
457|178.001
458|493.001
459|38.001
460|401.001
461|660.001
462|344.001
463|834.001
464|27.001
465|409.001
466|618.001
467|934.001
468|919.001
469|936.001
470|491.001
471|506.001
472|550.001
473|926.001
474|736.001
475|957.001
476|189.001
477|627.001
478|439.001
479|814.001
480|825.001
481|330.001
482|678.001
483|253.001
484|995.001
485|669.001
486|616.001
487|682.001
488|820.001
489|801.001
490|461.001
491|963.001
492|260.001
493|664.001
494|109.001
495|776.001
496|40.001
497|602.001
498|687.001
499|689.001
500|815.001
501|442.001
502|73.001
503|527.001
504|927.001
505|87.001
506|961.001
507|485.001
508|975.001
509|122.001
510|430.001
511|703.001
512|358.001
513|932.001
514|446.001
515|54.001
516|811.001
517|475.001
518|169.001
519|976.001
520|813.001
521|851.001
522|932.001
523|50.001
524|19.001
525|615.001
526|423.001
527|648.001
528|255.001
529|582.001
530|965.001
531|400.001
532|16.001
533|95.001
534|699.001
535|757.001
536|512.001
537|572.001
538|800.001
539|998.001
540|107.001
541|831.001
542|647.001
543|793.001
544|393.001
545|445.001
546|761.001
547|77.001
548|953.001
549|257.001
550|357.001
551|381.001
552|351.001
553|129.001
554|991.001
555|476.001
556|717.001
557|435.001
558|617.001
559|974.001
560|146.001
561|381.001
562|792.001
563|746.001
564|591.001
565|289.001
566|50.001
567|375.001
568|772.001
569|941.001
570|468.001
571|32.001
572|112.001
573|428.001
574|531.001
575|354.001
576|495.001
577|323.001
578|492.001
579|844.001
580|907.001
581|426.001
582|577.001
583|380.001
584|37.001
585|595.001
586|690.001
587|575.001
588|175.001
589|324.001
590|744.001
591|95.001
592|147.001
593|464.001
594|234.001
595|345.001
596|842.001
597|394.001
598|931.001
599|323.001
600|860.001
601|114.001
602|694.001
603|736.001
604|967.001
605|527.001
606|439.001
607|857.001
608|524.001
609|717.001
610|79.001
611|222.001
612|513.001
613|311.001
614|747.001
615|84.001
616|616.001
617|72.001
618|409.001
619|193.001
620|228.001
621|179.001
622|628.001
623|955.001
624|49.001
625|597.001
626|379.001
627|765.001
628|612.001
629|552.001
630|433.001
631|34.001
632|779.001
633|760.001
634|167.001
635|408.001
636|744.001
637|230.001
638|249.001
639|838.001
640|320.001
641|251.001
642|727.001
643|197.001
644|930.001
645|244.001
646|725.001
647|788.001
648|475.001
649|469.001
650|776.001
651|434.001
652|405.001
653|955.001
654|672.001
655|546.001
656|717.001
657|426.001
658|464.001
659|406.001
660|870.001
661|843.001
662|898.001
663|219.001
664|102.001
665|540.001
666|532.001
667|180.001
668|398.001
669|154.001
670|224.001
671|896.001
672|93.001
673|71.001
674|440.001
675|661.001
676|430.001
677|602.001
678|361.001
679|894.001
680|972.001
681|708.001
682|762.001
683|621.001
684|141.001
685|28.001
686|971.001
687|923.001
688|967.001
689|952.001
690|231.001
691|114.001
692|278.001
693|621.001
694|75.001
695|767.001
696|801.001
697|181.001
698|219.001
699|110.001
700|749.001
701|270.001
702|966.001
703|390.001
704|837.001
705|920.001
706|196.001
707|112.001
708|707.001
709|451.001
710|265.001
711|644.001
712|969.001
713|694.001
714|668.001
715|319.001
716|975.001
717|832.001
718|180.001
719|201.001
720|598.001
721|369.001
722|202.001
723|380.001
724|334.001
725|383.001
726|894.001
727|756.001
728|754.001
729|774.001
730|829.001
731|749.001
732|920.001
733|794.001
734|520.001
735|363.001
736|305.001
737|323.001
738|317.001
739|595.001
740|476.001
741|222.001
742|189.001
743|627.001
744|495.001
745|121.001
746|325.001
747|731.001
748|920.001
749|644.001
750|788.001
751|940.001
752|195.001
753|246.001
754|37.001
755|90.001
756|878.001
757|925.001
758|900.001
759|438.001
760|468.001
761|38.001
762|212.001
763|400.001
764|264.001
765|161.001
766|18.001
767|324.001
768|364.001
769|806.001
770|689.001
771|159.001
772|196.001
773|199.001
774|395.001
775|102.001
776|788.001
777|312.001
778|768.001
779|124.001
780|166.001
781|884.001
782|714.001
783|71.001
784|249.001
785|320.001
786|364.001
787|610.001
788|103.001
789|313.001
790|388.001
791|674.001
792|118.001
793|615.001
794|321.001
795|786.001
796|436.001
797|25.001
798|972.001
799|752.001
800|784.001
801|38.001
802|808.001
803|342.001
804|670.001
805|569.001
806|847.001
807|574.001
808|111.001
809|163.001
810|532.001
811|988.001
812|479.001
813|426.001
814|588.001
815|280.001
816|355.001
817|792.001
818|243.001
819|643.001
820|890.001
821|626.001
822|42.001
823|982.001
824|377.001
825|182.001
826|30.001
827|323.001
828|641.001
829|281.001
830|467.001
831|819.001
832|639.001
833|630.001
834|689.001
835|897.001
836|419.001
837|78.001
838|391.001
839|226.001
840|246.001
841|595.001
842|552.001
843|398.001
844|452.001
845|327.001
846|510.001
847|712.001
848|965.001
849|52.001
850|731.001
851|770.001
852|539.001
853|419.001
854|482.001
855|403.001
856|566.001
857|509.001
858|453.001
859|893.001
860|743.001
861|351.001
862|570.001
863|155.001
864|795.001
865|20.001
866|58.001
867|423.001
868|6.001
869|889.001
870|971.001
871|204.001
872|163.001
873|532.001
874|240.001
875|890.001
876|39.001
877|403.001
878|245.001
879|651.001
880|619.001
881|118.001
882|944.001
883|418.001
884|884.001
885|348.001
886|358.001
887|326.001
888|775.001
889|668.001
890|540.001
891|209.001
892|847.001
893|336.001
894|195.001
895|803.001
896|282.001
897|847.001
898|972.001
899|553.001
900|977.001
901|711.001
902|457.001
903|812.001
904|957.001
905|885.001
906|503.001
907|114.001
908|939.001
909|131.001
910|377.001
911|237.001
912|863.001
913|107.001
914|93.001
915|298.001
916|428.001
917|67.001
918|580.001
919|785.001
920|360.001
921|601.001
922|472.001
923|4.001
924|542.001
925|234.001
926|996.001
927|260.001
928|327.001
929|411.001
930|0.001
931|753.001
932|108.001
933|951.001
934|321.001
935|546.001
936|201.001
937|420.001
938|419.001
939|389.001
940|352.001
941|297.001
942|73.001
943|386.001
944|973.001
945|573.001
946|876.001
947|170.001
948|40.001
949|471.001
950|763.001
951|467.001
952|229.001
953|919.001
954|704.001
955|970.001
956|499.001
957|876.001
958|2.001
959|833.001
960|136.001
961|685.001
962|922.001
963|538.001
964|271.001
965|405.001
966|977.001
967|916.001
968|653.001
969|566.001
970|632.001
971|691.001
972|236.001
973|619.001
974|693.001
975|214.001
976|72.001
977|255.001
978|225.001
979|302.001
980|408.001
981|513.001
982|219.001
983|135.001
984|660.001
985|212.001
986|806.001
987|921.001
988|794.001
989|634.001
990|673.001
991|15.001
992|811.001
993|196.001
994|647.001
995|453.001
996|499.001
997|692.001
998|101.001
999|841.001
