1|92.001
2|526.001
3|332.001
4|940.001
5|280.001
6|532.001
7|328.001
8|7.001
9|748.001
10|258.001
11|623.001
12|58.001
13|518.001
14|554.001
15|604.001
16|544.001
17|834.001
18|378.001
19|239.001
20|116.001
21|730.001
22|367.001
23|631.001
24|657.001
25|447.001
26|524.001
27|517.001
28|870.001
29|492.001
30|555.001
31|478.001
32|166.001
33|616.001
34|909.001
35|425.001
36|909.001
37|494.001
38|948.001
39|439.001
40|626.001
41|815.001
42|211.001
43|114.001
44|268.001
45|511.001
46|356.001
47|904.001
48|954.001
49|677.001
50|162.001
51|948.001
52|87.001
53|547.001
54|197.001
55|123.001
56|844.001
57|260.001
58|550.001
59|750.001
60|810.001
61|998.001
62|31.001
63|248.001
64|126.001
65|929.001
66|881.001
67|210.001
68|566.001
69|256.001
70|848.001
71|809.001
72|438.001
73|915.001
74|55.001
75|542.001
76|205.001
77|230.001
78|895.001
79|858.001
80|114.001
81|364.001
82|447.001
83|177.001
84|711.001
85|406.001
86|491.001
87|39.001
88|871.001
89|537.001
90|153.001
91|658.001
92|471.001
93|738.001
94|867.001
95|266.001
96|792.001
97|506.001
98|806.001
99|294.001
100|113.001
101|889.001
102|850.001
103|420.001
104|49.001
105|155.001
106|878.001
107|285.001
108|271.001
109|193.001
110|457.001
111|902.001
112|997.001
113|590.001
114|95.001
115|616.001
116|355.001
117|397.001
118|825.001
119|136.001
120|911.001
121|103.001
122|487.001
123|741.001
124|579.001
125|565.001
126|55.001
127|737.001
128|454.001
129|21.001
130|109.001
131|681.001
132|478.001
133|246.001
134|486.001
135|688.001
136|845.001
137|997.001
138|927.001
139|880.001
140|3.001
141|446.001
142|472.001
143|653.001
144|522.001
145|128.001
146|906.001
147|728.001
148|410.001
149|367.001
150|804.001
151|810.001
152|979.001
153|240.001
154|170.001
155|389.001
156|308.001
157|724.001
158|620.001
159|677.001
160|724.001
161|197.001
162|625.001
163|449.001
164|694.001
165|647.001
166|858.001
167|353.001
168|401.001
169|258.001
170|775.001
171|482.001
172|704.001
173|129.001
174|169.001
175|450.001
176|765.001
177|207.001
178|129.001
179|312.001
180|887.001
181|863.001
182|524.001
183|428.001
184|214.001
185|585.001
186|562.001
187|338.001
188|768.001
189|667.001
190|874.001
191|524.001
192|535.001
193|67.001
194|916.001
195|747.001
196|869.001
197|884.001
198|518.001
199|279.001
200|979.001
201|334.001
202|206.001
203|29.001
204|480.001
205|769.001
206|989.001
207|215.001
208|80.001
209|120.001
210|775.001
211|182.001
212|148.001
213|574.001
214|7.001
215|184.001
216|854.001
217|948.001
218|746.001
219|816.001
220|957.001
221|741.001
222|344.001
223|650.001
224|869.001
225|492.001
226|496.001
227|905.001
228|874.001
229|135.001
230|4.001
231|587.001
232|155.001
233|398.001
234|26.001
235|659.001
236|540.001
237|255.001
238|159.001
239|147.001
240|172.001
241|957.001
242|955.001
243|366.001
244|526.001
245|984.001
246|269.001
247|57.001
248|427.001
249|488.001
250|177.001
251|103.001
252|450.001
253|306.001
254|483.001
255|171.001
256|726.001
257|917.001
258|586.001
259|690.001
260|141.001
261|825.001
262|374.001
263|922.001
264|742.001
265|687.001
266|420.001
267|770.001
268|909.001
269|533.001
270|985.001
271|922.001
272|761.001
273|13.001
274|62.001
275|507.001
276|706.001
277|650.001
278|747.001
279|370.001
280|757.001
281|729.001
282|517.001
283|611.001
284|805.001
285|966.001
286|28.001
287|245.001
288|107.001
289|715.001
290|967.001
291|251.001
292|755.001
293|134.001
294|737.001
295|46.001
296|566.001
297|544.001
298|295.001
299|313.001
300|597.001
301|797.001
302|892.001
303|495.001
304|776.001
305|847.001
306|249.001
307|652.001
308|536.001
309|58.001
310|453.001
311|167.001
312|756.001
313|90.001
314|66.001
315|740.001
316|7.001
317|735.001
318|33.001
319|397.001
320|430.001
321|900.001
322|402.001
323|54.001
324|189.001
325|242.001
326|773.001
327|76.001
328|255.001
329|311.001
330|177.001
331|67.001
332|301.001
333|570.001
334|899.001
335|355.001
336|219.001
337|641.001
338|983.001
339|570.001
340|138.001
341|831.001
342|334.001
343|707.001
344|27.001
345|270.001
346|352.001
347|565.001
348|939.001
349|129.001
350|160.001
351|175.001
352|964.001
353|300.001
354|386.001
355|334.001
356|862.001
357|659.001
358|295.001
359|928.001
360|894.001
361|228.001
362|562.001
363|615.001
364|857.001
365|562.001
366|220.001
367|972.001
368|469.001
369|580.001
370|214.001
371|355.001
372|763.001
373|679.001
374|860.001
375|72.001
376|360.001
377|448.001
378|441.001
379|989.001
380|211.001
381|886.001
382|526.001
383|726.001
384|120.001
385|310.001
386|521.001
387|419.001
388|617.001
389|693.001
390|747.001
391|146.001
392|449.001
393|607.001
394|425.001
395|949.001
396|326.001
397|543.001
398|543.001
399|869.001
400|872.001
401|432.001
402|970.001
403|975.001
404|443.001
405|949.001
406|536.001
407|546.001
408|148.001
409|41.001
410|600.001
411|374.001
412|717.001
413|359.001
414|641.001
415|954.001
416|686.001
417|391.001
418|382.001
419|64.001
420|648.001
421|796.001
422|851.001
423|855.001
424|166.001
425|697.001
426|618.001
427|754.001
428|75.001
429|977.001
430|654.001
431|810.001
432|962.001
433|620.001
434|955.001
435|822.001
436|632.001
437|224.001
438|236.001
439|864.001
440|309.001
441|403.001
442|294.001
443|417.001
444|277.001
445|890.001
446|805.001
447|201.001
448|858.001
449|757.001
450|872.001
451|64.001
452|604.001
453|974.001
454|371.001
455|685.001
456|181.001
457|686.001
458|664.001
459|7.001
460|549.001
461|832.001
462|326.001
463|87.001
464|457.001
465|518.001
466|827.001
467|468.001
468|369.001
469|343.001
470|966.001
471|713.001
472|591.001
473|343.001
474|262.001
475|958.001
476|283.001
477|664.001
478|882.001
479|103.001
480|63.001
481|688.001
482|239.001
483|815.001
484|605.001
485|411.001
486|334.001
487|629.001
488|778.001
489|724.001
490|801.001
491|238.001
492|249.001
493|281.001
494|954.001
495|971.001
496|663.001
497|5.001
498|266.001
499|116.001
500|43.001
501|611.001
502|533.001
503|708.001
504|29.001
505|516.001
506|164.001
507|389.001
508|520.001
509|647.001
510|187.001
511|517.001
512|377.001
513|189.001
514|118.001
515|924.001
516|863.001
517|358.001
518|950.001
519|77.001
520|374.001
521|917.001
522|881.001
523|403.001
524|340.001
525|390.001
526|813.001
527|515.001
528|617.001
529|356.001
530|624.001
531|914.001
532|948.001
533|857.001
534|797.001
535|423.001
536|256.001
537|284.001
538|50.001
539|85.001
540|557.001
541|886.001
542|693.001
543|926.001
544|270.001
545|272.001
546|726.001
547|41.001
548|767.001
549|657.001
550|617.001
551|49.001
552|914.001
553|794.001
554|501.001
555|520.001
556|530.001
557|89.001
558|889.001
559|889.001
560|596.001
561|51.001
562|446.001
563|871.001
564|112.001
565|228.001
566|672.001
567|686.001
568|232.001
569|561.001
570|439.001
571|604.001
572|304.001
573|783.001
574|113.001
575|786.001
576|20.001
577|850.001
578|512.001
579|546.001
580|968.001
581|917.001
582|943.001
583|654.001
584|795.001
585|745.001
586|692.001
587|395.001
588|703.001
589|907.001
590|804.001
591|876.001
592|461.001
593|874.001
594|285.001
595|541.001
596|716.001
597|779.001
598|740.001
599|633.001
600|493.001
601|194.001
602|772.001
603|480.001
604|203.001
605|808.001
606|986.001
607|638.001
608|537.001
609|409.001
610|90.001
611|613.001
612|679.001
613|499.001
614|937.001
615|525.001
616|231.001
617|263.001
618|383.001
619|715.001
620|676.001
621|946.001
622|969.001
623|402.001
624|671.001
625|679.001
626|673.001
627|933.001
628|776.001
629|169.001
630|648.001
631|226.001
632|325.001
633|150.001
634|502.001
635|976.001
636|254.001
637|629.001
638|122.001
639|889.001
640|389.001
641|89.001
642|395.001
643|207.001
644|560.001
645|270.001
646|153.001
647|206.001
648|619.001
649|384.001
650|163.001
651|558.001
652|647.001
653|980.001
654|670.001
655|543.001
656|104.001
657|747.001
658|664.001
659|415.001
660|824.001
661|570.001
662|442.001
663|852.001
664|28.001
665|630.001
666|783.001
667|14.001
668|813.001
669|19.001
670|588.001
671|924.001
672|20.001
673|760.001
674|828.001
675|694.001
676|56.001
677|921.001
678|31.001
679|684.001
680|267.001
681|65.001
682|731.001
683|12.001
684|252.001
685|223.001
686|15.001
687|885.001
688|114.001
689|313.001
690|266.001
691|908.001
692|572.001
693|962.001
694|435.001
695|709.001
696|816.001
697|688.001
698|248.001
699|825.001
700|472.001
701|29.001
702|755.001
703|904.001
704|246.001
705|623.001
706|393.001
707|801.001
708|300.001
709|219.001
710|462.001
711|635.001
712|139.001
713|680.001
714|769.001
715|651.001
716|74.001
717|748.001
718|843.001
719|812.001
720|224.001
721|655.001
722|878.001
723|752.001
724|375.001
725|75.001
726|497.001
727|944.001
728|133.001
729|857.001
730|479.001
731|770.001
732|292.001
733|988.001
734|963.001
735|857.001
736|582.001
737|539.001
738|825.001
739|817.001
740|518.001
741|678.001
742|260.001
743|621.001
744|169.001
745|22.001
746|930.001
747|397.001
748|353.001
749|687.001
750|451.001
751|784.001
752|925.001
753|209.001
754|919.001
755|801.001
756|88.001
757|378.001
758|727.001
759|389.001
760|997.001
761|44.001
762|55.001
763|720.001
764|613.001
765|118.001
766|609.001
767|638.001
768|888.001
769|295.001
770|366.001
771|55.001
772|632.001
773|516.001
774|329.001
775|255.001
776|751.001
777|970.001
778|795.001
779|139.001
780|698.001
781|632.001
782|879.001
783|841.001
784|557.001
785|181.001
786|259.001
787|499.001
788|639.001
789|419.001
790|291.001
791|870.001
792|651.001
793|408.001
794|244.001
795|110.001
796|10.001
797|313.001
798|833.001
799|116.001
800|458.001
801|894.001
802|237.001
803|235.001
804|468.001
805|481.001
806|347.001
807|937.001
808|297.001
809|715.001
810|141.001
811|486.001
812|622.001
813|621.001
814|234.001
815|415.001
816|299.001
817|483.001
818|899.001
819|800.001
820|657.001
821|670.001
822|445.001
823|18.001
824|540.001
825|737.001
826|655.001
827|81.001
828|487.001
829|924.001
830|997.001
831|402.001
832|840.001
833|507.001
834|858.001
835|411.001
836|586.001
837|681.001
838|687.001
839|442.001
840|172.001
841|625.001
842|964.001
843|95.001
844|143.001
845|223.001
846|860.001
847|638.001
848|694.001
849|263.001
850|875.001
851|186.001
852|868.001
853|140.001
854|378.001
855|679.001
856|744.001
857|742.001
858|502.001
859|584.001
860|801.001
861|134.001
862|683.001
863|317.001
864|264.001
865|375.001
866|659.001
867|41.001
868|188.001
869|337.001
870|825.001
871|16.001
872|384.001
873|519.001
874|226.001
875|887.001
876|107.001
877|160.001
878|992.001
879|629.001
880|352.001
881|10.001
882|45.001
883|309.001
884|394.001
885|886.001
886|53.001
887|250.001
888|896.001
889|262.001
890|410.001
891|355.001
892|39.001
893|433.001
894|190.001
895|797.001
896|621.001
897|12.001
898|761.001
899|86.001
900|47.001
901|501.001
902|842.001
903|84.001
904|132.001
905|827.001
906|821.001
907|218.001
908|402.001
909|631.001
910|525.001
911|102.001
912|718.001
913|917.001
914|437.001
915|615.001
916|291.001
917|433.001
918|986.001
919|717.001
920|31.001
921|818.001
922|899.001
923|524.001
924|471.001
925|343.001
926|565.001
927|107.001
928|665.001
929|900.001
930|266.001
931|630.001
932|995.001
933|651.001
934|968.001
935|454.001
936|17.001
937|242.001
938|451.001
939|456.001
940|744.001
941|61.001
942|658.001
943|120.001
944|557.001
945|520.001
946|895.001
947|32.001
948|644.001
949|316.001
950|315.001
951|259.001
952|936.001
953|983.001
954|268.001
955|187.001
956|972.001
957|905.001
958|210.001
959|434.001
960|943.001
961|972.001
962|165.001
963|287.001
964|730.001
965|4.001
966|341.001
967|147.001
968|465.001
969|280.001
970|315.001
971|604.001
972|939.001
973|263.001
974|573.001
975|392.001
976|795.001
977|222.001
978|245.001
979|796.001
980|473.001
981|318.001
982|290.001
983|281.001
984|754.001
985|496.001
986|694.001
987|972.001
988|568.001
989|138.001
990|547.001
991|206.001
992|557.001
993|498.001
994|664.001
995|345.001
996|163.001
997|230.001
998|886.001
999|918.001
