1|414.001
2|378.001
3|889.001
4|290.001
5|312.001
6|21.001
7|394.001
8|430.001
9|741.001
10|376.001
11|988.001
12|110.001
13|915.001
14|826.001
15|113.001
16|395.001
17|831.001
18|284.001
19|142.001
20|313.001
21|928.001
22|191.001
23|118.001
24|984.001
25|568.001
26|280.001
27|952.001
28|326.001
29|141.001
30|816.001
31|138.001
32|702.001
33|692.001
34|970.001
35|358.001
36|391.001
37|858.001
38|180.001
39|397.001
40|329.001
41|502.001
42|544.001
43|741.001
44|836.001
45|361.001
46|394.001
47|128.001
48|918.001
49|956.001
50|233.001
51|631.001
52|840.001
53|305.001
54|142.001
55|511.001
56|960.001
57|452.001
58|51.001
59|726.001
60|399.001
61|994.001
62|438.001
63|644.001
64|515.001
65|57.001
66|32.001
67|578.001
68|275.001
69|185.001
70|550.001
71|112.001
72|896.001
73|982.001
74|495.001
75|349.001
76|49.001
77|882.001
78|29.001
79|8.001
80|412.001
81|453.001
82|516.001
83|482.001
84|267.001
85|610.001
86|875.001
87|362.001
88|112.001
89|411.001
90|979.001
91|914.001
92|864.001
93|519.001
94|448.001
95|670.001
96|774.001
97|367.001
98|807.001
99|516.001
100|256.001
101|345.001
102|628.001
103|528.001
104|319.001
105|744.001
106|27.001
107|581.001
108|211.001
109|779.001
110|900.001
111|504.001
112|982.001
113|401.001
114|451.001
115|337.001
116|489.001
117|194.001
118|538.001
119|73.001
120|683.001
121|923.001
122|187.001
123|451.001
124|876.001
125|409.001
126|818.001
127|17.001
128|172.001
129|602.001
130|111.001
131|557.001
132|276.001
133|274.001
134|291.001
135|353.001
136|638.001
137|88.001
138|426.001
139|437.001
140|111.001
141|913.001
142|513.001
143|523.001
144|828.001
145|325.001
146|301.001
147|873.001
148|35.001
149|412.001
150|245.001
151|415.001
152|975.001
153|668.001
154|940.001
155|305.001
156|47.001
157|253.001
158|179.001
159|63.001
160|852.001
161|619.001
162|957.001
163|1.001
164|150.001
165|658.001
166|462.001
167|890.001
168|11.001
169|889.001
170|510.001
171|232.001
172|465.001
173|531.001
174|626.001
175|87.001
176|917.001
177|431.001
178|891.001
179|862.001
180|409.001
181|523.001
182|824.001
183|42.001
184|753.001
185|444.001
186|581.001
187|619.001
188|970.001
189|723.001
190|935.001
191|737.001
192|215.001
193|549.001
194|818.001
195|885.001
196|720.001
197|226.001
198|857.001
199|192.001
200|128.001
201|88.001
202|957.001
203|448.001
204|690.001
205|715.001
206|605.001
207|27.001
208|936.001
209|789.001
210|821.001
211|34.001
212|355.001
213|748.001
214|234.001
215|383.001
216|11.001
217|310.001
218|491.001
219|382.001
220|754.001
221|137.001
222|774.001
223|669.001
224|170.001
225|619.001
226|102.001
227|493.001
228|881.001
229|555.001
230|173.001
231|39.001
232|935.001
233|809.001
234|811.001
235|388.001
236|564.001
237|348.001
238|891.001
239|389.001
240|320.001
241|733.001
242|867.001
243|995.001
244|806.001
245|783.001
246|95.001
247|804.001
248|276.001
249|699.001
250|516.001
251|30.001
252|421.001
253|403.001
254|657.001
255|127.001
256|597.001
257|652.001
258|273.001
259|706.001
260|608.001
261|283.001
262|902.001
263|226.001
264|785.001
265|754.001
266|388.001
267|109.001
268|284.001
269|387.001
270|173.001
271|264.001
272|28.001
273|49.001
274|581.001
275|897.001
276|264.001
277|423.001
278|28.001
279|861.001
280|247.001
281|530.001
282|493.001
283|696.001
284|689.001
285|878.001
286|234.001
287|72.001
288|775.001
289|183.001
290|704.001
291|214.001
292|999.001
293|428.001
294|770.001
295|623.001
296|403.001
297|606.001
298|85.001
299|156.001
300|480.001
301|46.001
302|424.001
303|609.001
304|290.001
305|136.001
306|414.001
307|526.001
308|525.001
309|485.001
310|252.001
311|804.001
312|617.001
313|276.001
314|629.001
315|329.001
316|203.001
317|504.001
318|995.001
319|603.001
320|401.001
321|244.001
322|705.001
323|874.001
324|964.001
325|53.001
326|628.001
327|314.001
328|167.001
329|820.001
330|675.001
331|583.001
332|568.001
333|401.001
334|368.001
335|533.001
336|922.001
337|808.001
338|131.001
339|944.001
340|327.001
341|710.001
342|778.001
343|944.001
344|736.001
345|153.001
346|481.001
347|361.001
348|99.001
349|570.001
350|232.001
351|655.001
352|490.001
353|223.001
354|589.001
355|950.001
356|83.001
357|390.001
358|615.001
359|670.001
360|680.001
361|166.001
362|71.001
363|970.001
364|837.001
365|897.001
366|387.001
367|849.001
368|108.001
369|914.001
370|92.001
371|549.001
372|900.001
373|987.001
374|215.001
375|206.001
376|403.001
377|59.001
378|318.001
379|74.001
380|963.001
381|412.001
382|975.001
383|40.001
384|728.001
385|453.001
386|878.001
387|706.001
388|619.001
389|959.001
390|373.001
391|948.001
392|170.001
393|704.001
394|339.001
395|290.001
396|767.001
397|225.001
398|558.001
399|686.001
400|870.001
401|220.001
402|886.001
403|275.001
404|495.001
405|161.001
406|725.001
407|946.001
408|45.001
409|300.001
410|228.001
411|444.001
412|473.001
413|688.001
414|698.001
415|95.001
416|301.001
417|555.001
418|327.001
419|815.001
420|315.001
421|727.001
422|166.001
423|198.001
424|810.001
425|579.001
426|33.001
427|846.001
428|465.001
429|766.001
430|647.001
431|91.001
432|456.001
433|202.001
434|421.001
435|298.001
436|408.001
437|650.001
438|875.001
439|504.001
440|604.001
441|342.001
442|577.001
443|115.001
444|935.001
445|774.001
446|674.001
447|108.001
448|925.001
449|585.001
450|265.001
451|520.001
452|27.001
453|359.001
454|57.001
455|940.001
456|219.001
457|147.001
458|492.001
459|527.001
460|673.001
461|480.001
462|61.001
463|458.001
464|47.001
465|983.001
466|44.001
467|341.001
468|481.001
469|143.001
470|974.001
471|353.001
472|136.001
473|894.001
474|189.001
475|309.001
476|748.001
477|175.001
478|82.001
479|734.001
480|683.001
481|791.001
482|987.001
483|463.001
484|987.001
485|401.001
486|537.001
487|813.001
488|608.001
489|197.001
490|542.001
491|546.001
492|712.001
493|549.001
494|715.001
495|56.001
496|115.001
497|343.001
498|471.001
499|358.001
500|150.001
501|53.001
502|274.001
503|850.001
504|420.001
505|535.001
506|852.001
507|84.001
508|963.001
509|323.001
510|657.001
511|221.001
512|129.001
513|225.001
514|17.001
515|743.001
516|413.001
517|374.001
518|359.001
519|627.001
520|83.001
521|219.001
522|113.001
523|110.001
524|180.001
525|851.001
526|172.001
527|924.001
528|515.001
529|875.001
530|716.001
531|774.001
532|936.001
533|501.001
534|177.001
535|899.001
536|50.001
537|842.001
538|293.001
539|796.001
540|55.001
541|326.001
542|682.001
543|115.001
544|923.001
545|923.001
546|134.001
547|470.001
548|242.001
549|905.001
550|794.001
551|295.001
552|175.001
553|870.001
554|394.001
555|140.001
556|41.001
557|495.001
558|978.001
559|156.001
560|394.001
561|585.001
562|437.001
563|400.001
564|84.001
565|711.001
566|122.001
567|229.001
568|190.001
569|161.001
570|114.001
571|625.001
572|958.001
573|828.001
574|542.001
575|956.001
576|502.001
577|218.001
578|746.001
579|103.001
580|451.001
581|937.001
582|936.001
583|406.001
584|843.001
585|677.001
586|969.001
587|140.001
588|33.001
589|219.001
590|864.001
591|714.001
592|178.001
593|179.001
594|735.001
595|245.001
596|849.001
597|81.001
598|112.001
599|365.001
600|949.001
601|134.001
602|890.001
603|725.001
604|649.001
605|138.001
606|837.001
607|916.001
608|473.001
609|51.001
610|9.001
611|188.001
612|329.001
613|943.001
614|41.001
615|727.001
616|857.001
617|792.001
618|226.001
619|282.001
620|782.001
621|244.001
622|592.001
623|788.001
624|293.001
625|226.001
626|319.001
627|34.001
628|345.001
629|842.001
630|794.001
631|732.001
632|177.001
633|932.001
634|841.001
635|526.001
636|114.001
637|877.001
638|635.001
639|949.001
640|293.001
641|74.001
642|831.001
643|800.001
644|555.001
645|56.001
646|162.001
647|554.001
648|46.001
649|720.001
650|890.001
651|767.001
652|906.001
653|591.001
654|164.001
655|290.001
656|884.001
657|521.001
658|187.001
659|461.001
660|345.001
661|207.001
662|500.001
663|280.001
664|115.001
665|308.001
666|125.001
667|388.001
668|684.001
669|506.001
670|309.001
671|591.001
672|718.001
673|8.001
674|152.001
675|957.001
676|711.001
677|702.001
678|770.001
679|590.001
680|632.001
681|297.001
682|629.001
683|347.001
684|61.001
685|599.001
686|447.001
687|581.001
688|863.001
689|997.001
690|59.001
691|746.001
692|694.001
693|41.001
694|656.001
695|140.001
696|948.001
697|28.001
698|545.001
699|378.001
700|598.001
701|902.001
702|514.001
703|752.001
704|842.001
705|188.001
706|46.001
707|472.001
708|933.001
709|749.001
710|394.001
711|111.001
712|82.001
713|823.001
714|824.001
715|339.001
716|722.001
717|363.001
718|882.001
719|595.001
720|388.001
721|115.001
722|572.001
723|543.001
724|192.001
725|451.001
726|891.001
727|14.001
728|389.001
729|8.001
730|995.001
731|483.001
732|338.001
733|621.001
734|864.001
735|412.001
736|760.001
737|296.001
738|738.001
739|440.001
740|234.001
741|133.001
742|68.001
743|57.001
744|236.001
745|449.001
746|540.001
747|716.001
748|339.001
749|761.001
750|769.001
751|726.001
752|745.001
753|263.001
754|708.001
755|3.001
756|131.001
757|170.001
758|127.001
759|766.001
760|933.001
761|162.001
762|229.001
763|736.001
764|364.001
765|965.001
766|485.001
767|870.001
768|347.001
769|814.001
770|517.001
771|456.001
772|128.001
773|189.001
774|446.001
775|142.001
776|603.001
777|915.001
778|489.001
779|893.001
780|399.001
781|243.001
782|920.001
783|666.001
784|470.001
785|236.001
786|410.001
787|593.001
788|772.001
789|675.001
790|730.001
791|702.001
792|717.001
793|901.001
794|601.001
795|978.001
796|85.001
797|192.001
798|465.001
799|23.001
800|579.001
801|456.001
802|783.001
803|159.001
804|337.001
805|577.001
806|736.001
807|582.001
808|727.001
809|981.001
810|321.001
811|995.001
812|268.001
813|431.001
814|405.001
815|445.001
816|482.001
817|908.001
818|342.001
819|6.001
820|155.001
821|296.001
822|431.001
823|633.001
824|104.001
825|922.001
826|447.001
827|119.001
828|958.001
829|418.001
830|861.001
831|821.001
832|355.001
833|74.001
834|460.001
835|952.001
836|265.001
837|648.001
838|888.001
839|293.001
840|110.001
841|557.001
842|345.001
843|446.001
844|131.001
845|69.001
846|818.001
847|621.001
848|41.001
849|741.001
850|305.001
851|154.001
852|704.001
853|505.001
854|448.001
855|141.001
856|568.001
857|210.001
858|441.001
859|469.001
860|386.001
861|523.001
862|231.001
863|197.001
864|212.001
865|264.001
866|72.001
867|870.001
868|816.001
869|3.001
870|948.001
871|541.001
872|816.001
873|209.001
874|735.001
875|459.001
876|888.001
877|451.001
878|808.001
879|56.001
880|620.001
881|830.001
882|278.001
883|459.001
884|26.001
885|132.001
886|222.001
887|297.001
888|190.001
889|321.001
890|211.001
891|201.001
892|429.001
893|114.001
894|61.001
895|845.001
896|775.001
897|378.001
898|304.001
899|700.001
900|331.001
901|731.001
902|957.001
903|83.001
904|346.001
905|716.001
906|9.001
907|89.001
908|537.001
909|633.001
910|756.001
911|482.001
912|595.001
913|106.001
914|462.001
915|211.001
916|72.001
917|671.001
918|788.001
919|462.001
920|439.001
921|807.001
922|601.001
923|237.001
924|31.001
925|106.001
926|335.001
927|315.001
928|251.001
929|420.001
930|93.001
931|646.001
932|139.001
933|310.001
934|779.001
935|996.001
936|807.001
937|833.001
938|96.001
939|858.001
940|93.001
941|267.001
942|249.001
943|204.001
944|282.001
945|945.001
946|108.001
947|789.001
948|839.001
949|765.001
950|798.001
951|151.001
952|531.001
953|884.001
954|426.001
955|217.001
956|724.001
957|197.001
958|441.001
959|718.001
960|727.001
961|976.001
962|823.001
963|443.001
964|181.001
965|189.001
966|871.001
967|677.001
968|855.001
969|457.001
970|149.001
971|580.001
972|379.001
973|129.001
974|925.001
975|617.001
976|562.001
977|606.001
978|850.001
979|848.001
980|681.001
981|507.001
982|372.001
983|262.001
984|338.001
985|267.001
986|290.001
987|1.001
988|391.001
989|437.001
990|598.001
991|208.001
992|678.001
993|51.001
994|88.001
995|231.001
996|545.001
997|936.001
998|972.001
999|483.001
