1|446.001
2|884.001
3|779.001
4|887.001
5|494.001
6|417.001
7|778.001
8|662.001
9|510.001
10|384.001
11|894.001
12|35.001
13|158.001
14|693.001
15|984.001
16|556.001
17|572.001
18|86.001
19|450.001
20|124.001
21|345.001
22|94.001
23|778.001
24|901.001
25|793.001
26|800.001
27|638.001
28|646.001
29|920.001
30|841.001
31|423.001
32|814.001
33|632.001
34|132.001
35|822.001
36|577.001
37|953.001
38|176.001
39|76.001
40|809.001
41|564.001
42|218.001
43|165.001
44|285.001
45|256.001
46|236.001
47|392.001
48|864.001
49|5.001
50|501.001
51|808.001
52|511.001
53|402.001
54|873.001
55|916.001
56|178.001
57|489.001
58|430.001
59|917.001
60|31.001
61|568.001
62|419.001
63|686.001
64|866.001
65|822.001
66|332.001
67|96.001
68|327.001
69|603.001
70|655.001
71|159.001
72|344.001
73|274.001
74|447.001
75|975.001
76|109.001
77|538.001
78|748.001
79|73.001
80|998.001
81|382.001
82|269.001
83|346.001
84|900.001
85|920.001
86|18.001
87|691.001
88|259.001
89|553.001
90|926.001
91|373.001
92|335.001
93|134.001
94|408.001
95|543.001
96|209.001
97|114.001
98|631.001
99|601.001
100|847.001
101|544.001
102|681.001
103|311.001
104|947.001
105|936.001
106|552.001
107|563.001
108|411.001
109|262.001
110|588.001
111|519.001
112|989.001
113|16.001
114|696.001
115|544.001
116|808.001
117|119.001
118|890.001
119|267.001
120|762.001
121|67.001
122|545.001
123|735.001
124|687.001
125|654.001
126|211.001
127|208.001
128|950.001
129|300.001
130|202.001
131|110.001
132|466.001
133|495.001
134|72.001
135|906.001
136|868.001
137|711.001
138|222.001
139|113.001
140|227.001
141|66.001
142|890.001
143|658.001
144|949.001
145|442.001
146|212.001
147|809.001
148|100.001
149|769.001
150|370.001
151|99.001
152|710.001
153|520.001
154|878.001
155|250.001
156|209.001
157|111.001
158|642.001
159|360.001
160|111.001
161|708.001
162|107.001
163|232.001
164|911.001
165|623.001
166|19.001
167|725.001
168|523.001
169|931.001
170|323.001
171|977.001
172|457.001
173|478.001
174|419.001
175|985.001
176|913.001
177|460.001
178|704.001
179|589.001
180|263.001
181|919.001
182|560.001
183|818.001
184|935.001
185|110.001
186|245.001
187|205.001
188|370.001
189|527.001
190|603.001
191|507.001
192|380.001
193|459.001
194|925.001
195|462.001
196|268.001
197|133.001
198|184.001
199|647.001
200|320.001
201|116.001
202|171.001
203|127.001
204|183.001
205|59.001
206|419.001
207|51.001
208|778.001
209|56.001
210|66.001
211|982.001
212|202.001
213|731.001
214|409.001
215|786.001
216|339.001
217|152.001
218|250.001
219|649.001
220|934.001
221|196.001
222|573.001
223|308.001
224|10.001
225|455.001
226|299.001
227|674.001
228|569.001
229|248.001
230|960.001
231|412.001
232|599.001
233|415.001
234|363.001
235|333.001
236|383.001
237|266.001
238|316.001
239|699.001
240|828.001
241|861.001
242|397.001
243|642.001
244|40.001
245|791.001
246|44.001
247|164.001
248|518.001
249|653.001
250|495.001
251|738.001
252|671.001
253|675.001
254|667.001
255|658.001
256|363.001
257|889.001
258|226.001
259|973.001
260|777.001
261|345.001
262|864.001
263|607.001
264|380.001
265|698.001
266|89.001
267|259.001
268|779.001
269|631.001
270|9.001
271|7.001
272|969.001
273|615.001
274|398.001
275|954.001
276|26.001
277|481.001
278|25.001
279|926.001
280|124.001
281|347.001
282|814.001
283|435.001
284|601.001
285|860.001
286|871.001
287|772.001
288|101.001
289|760.001
290|820.001
291|223.001
292|56.001
293|49.001
294|310.001
295|605.001
296|803.001
297|594.001
298|366.001
299|403.001
300|254.001
301|303.001
302|74.001
303|598.001
304|874.001
305|158.001
306|448.001
307|235.001
308|567.001
309|997.001
310|76.001
311|318.001
312|731.001
313|283.001
314|584.001
315|176.001
316|886.001
317|323.001
318|449.001
319|120.001
320|73.001
321|826.001
322|810.001
323|307.001
324|783.001
325|228.001
326|17.001
327|547.001
328|604.001
329|595.001
330|896.001
331|356.001
332|485.001
333|989.001
334|565.001
335|970.001
336|618.001
337|263.001
338|437.001
339|811.001
340|66.001
341|88.001
342|173.001
343|915.001
344|857.001
345|795.001
346|571.001
347|175.001
348|649.001
349|84.001
350|864.001
351|549.001
352|121.001
353|625.001
354|614.001
355|993.001
356|210.001
357|325.001
358|290.001
359|991.001
360|248.001
361|269.001
362|771.001
363|794.001
364|827.001
365|235.001
366|649.001
367|703.001
368|603.001
369|497.001
370|765.001
371|229.001
372|663.001
373|400.001
374|320.001
375|970.001
376|672.001
377|510.001
378|160.001
379|384.001
380|547.001
381|548.001
382|507.001
383|324.001
384|850.001
385|356.001
386|7.001
387|939.001
388|131.001
389|14.001
390|449.001
391|956.001
392|411.001
393|529.001
394|188.001
395|475.001
396|347.001
397|924.001
398|762.001
399|271.001
400|927.001
401|459.001
402|192.001
403|12.001
404|128.001
405|544.001
406|846.001
407|767.001
408|171.001
409|222.001
410|317.001
411|402.001
412|819.001
413|419.001
414|443.001
415|989.001
416|919.001
417|559.001
418|233.001
419|42.001
420|545.001
421|802.001
422|646.001
423|869.001
424|740.001
425|512.001
426|16.001
427|939.001
428|33.001
429|551.001
430|585.001
431|193.001
432|311.001
433|602.001
434|635.001
435|373.001
436|390.001
437|978.001
438|401.001
439|566.001
440|809.001
441|781.001
442|790.001
443|708.001
444|973.001
445|268.001
446|466.001
447|677.001
448|942.001
449|462.001
450|53.001
451|60.001
452|224.001
453|397.001
454|655.001
455|554.001
456|547.001
457|656.001
458|468.001
459|183.001
460|877.001
461|232.001
462|494.001
463|316.001
464|743.001
465|120.001
466|373.001
467|300.001
468|949.001
469|506.001
470|402.001
471|557.001
472|113.001
473|504.001
474|153.001
475|788.001
476|517.001
477|981.001
478|250.001
479|23.001
480|153.001
481|23.001
482|285.001
483|336.001
484|643.001
485|596.001
486|893.001
487|443.001
488|256.001
489|918.001
490|386.001
491|33.001
492|966.001
493|659.001
494|326.001
495|109.001
496|762.001
497|222.001
498|333.001
499|266.001
500|999.001
501|70.001
502|349.001
503|954.001
504|993.001
505|506.001
506|77.001
507|512.001
508|970.001
509|972.001
510|610.001
511|460.001
512|417.001
513|541.001
514|955.001
515|904.001
516|788.001
517|960.001
518|352.001
519|855.001
520|210.001
521|194.001
522|136.001
523|255.001
524|877.001
525|977.001
526|985.001
527|120.001
528|390.001
529|839.001
530|872.001
531|709.001
532|745.001
533|347.001
534|686.001
535|463.001
536|93.001
537|344.001
538|416.001
539|564.001
540|908.001
541|550.001
542|830.001
543|80.001
544|201.001
545|939.001
546|68.001
547|386.001
548|911.001
549|148.001
550|588.001
551|167.001
552|565.001
553|199.001
554|768.001
555|958.001
556|423.001
557|172.001
558|890.001
559|305.001
560|101.001
561|893.001
562|549.001
563|34.001
564|381.001
565|566.001
566|892.001
567|185.001
568|673.001
569|292.001
570|174.001
571|4.001
572|730.001
573|706.001
574|735.001
575|218.001
576|797.001
577|303.001
578|388.001
579|722.001
580|553.001
581|157.001
582|828.001
583|117.001
584|674.001
585|662.001
586|79.001
587|550.001
588|55.001
589|710.001
590|655.001
591|656.001
592|219.001
593|109.001
594|108.001
595|428.001
596|110.001
597|883.001
598|520.001
599|352.001
600|313.001
601|934.001
602|35.001
603|798.001
604|168.001
605|305.001
606|47.001
607|248.001
608|182.001
609|450.001
610|369.001
611|334.001
612|974.001
613|964.001
614|950.001
615|142.001
616|260.001
617|405.001
618|581.001
619|693.001
620|574.001
621|162.001
622|125.001
623|498.001
624|447.001
625|984.001
626|813.001
627|233.001
628|398.001
629|233.001
630|630.001
631|513.001
632|137.001
633|422.001
634|333.001
635|79.001
636|117.001
637|982.001
638|973.001
639|525.001
640|347.001
641|637.001
642|475.001
643|11.001
644|808.001
645|876.001
646|216.001
647|361.001
648|933.001
649|803.001
650|845.001
651|389.001
652|209.001
653|851.001
654|382.001
655|506.001
656|445.001
657|554.001
658|983.001
659|201.001
660|142.001
661|367.001
662|131.001
663|936.001
664|337.001
665|326.001
666|268.001
667|35.001
668|773.001
669|610.001
670|710.001
671|862.001
672|40.001
673|635.001
674|408.001
675|610.001
676|728.001
677|871.001
678|820.001
679|274.001
680|491.001
681|479.001
682|454.001
683|195.001
684|657.001
685|803.001
686|24.001
687|390.001
688|17.001
689|893.001
690|211.001
691|428.001
692|858.001
693|173.001
694|438.001
695|609.001
696|206.001
697|344.001
698|392.001
699|401.001
700|233.001
701|69.001
702|721.001
703|305.001
704|66.001
705|517.001
706|978.001
707|218.001
708|497.001
709|643.001
710|620.001
711|623.001
712|738.001
713|201.001
714|500.001
715|474.001
716|930.001
717|366.001
718|300.001
719|424.001
720|690.001
721|154.001
722|469.001
723|79.001
724|853.001
725|152.001
726|908.001
727|22.001
728|662.001
729|619.001
730|397.001
731|196.001
732|251.001
733|136.001
734|862.001
735|421.001
736|131.001
737|774.001
738|221.001
739|364.001
740|31.001
741|136.001
742|399.001
743|748.001
744|373.001
745|197.001
746|336.001
747|955.001
748|798.001
749|60.001
750|104.001
751|825.001
752|906.001
753|361.001
754|515.001
755|235.001
756|816.001
757|42.001
758|249.001
759|788.001
760|434.001
761|835.001
762|128.001
763|295.001
764|797.001
765|341.001
766|243.001
767|41.001
768|87.001
769|402.001
770|515.001
771|597.001
772|834.001
773|728.001
774|48.001
775|113.001
776|493.001
777|857.001
778|829.001
779|725.001
780|149.001
781|39.001
782|781.001
783|902.001
784|883.001
785|230.001
786|329.001
787|113.001
788|867.001
789|576.001
790|742.001
791|776.001
792|240.001
793|430.001
794|177.001
795|567.001
796|614.001
797|401.001
798|27.001
799|611.001
800|492.001
801|472.001
802|937.001
803|972.001
804|995.001
805|484.001
806|615.001
807|642.001
808|541.001
809|260.001
810|764.001
811|621.001
812|680.001
813|215.001
814|744.001
815|2.001
816|646.001
817|50.001
818|449.001
819|956.001
820|197.001
821|31.001
822|738.001
823|964.001
824|143.001
825|270.001
826|453.001
827|690.001
828|42.001
829|944.001
830|548.001
831|504.001
832|502.001
833|778.001
834|190.001
835|952.001
836|497.001
837|3.001
838|219.001
839|732.001
840|552.001
841|891.001
842|34.001
843|773.001
844|139.001
845|292.001
846|102.001
847|192.001
848|436.001
849|362.001
850|214.001
851|984.001
852|295.001
853|934.001
854|711.001
855|745.001
856|401.001
857|920.001
858|758.001
859|744.001
860|37.001
861|267.001
862|253.001
863|950.001
864|16.001
865|81.001
866|709.001
867|0.001
868|870.001
869|6.001
870|553.001
871|570.001
872|133.001
873|798.001
874|471.001
875|873.001
876|305.001
877|951.001
878|807.001
879|748.001
880|954.001
881|26.001
882|139.001
883|994.001
884|504.001
885|577.001
886|86.001
887|844.001
888|737.001
889|698.001
890|365.001
891|680.001
892|349.001
893|612.001
894|285.001
895|904.001
896|207.001
897|570.001
898|144.001
899|288.001
900|752.001
901|337.001
902|402.001
903|943.001
904|246.001
905|998.001
906|636.001
907|712.001
908|147.001
909|960.001
910|428.001
911|521.001
912|784.001
913|864.001
914|355.001
915|333.001
916|963.001
917|87.001
918|642.001
919|675.001
920|681.001
921|538.001
922|396.001
923|237.001
924|263.001
925|110.001
926|970.001
927|121.001
928|823.001
929|781.001
930|395.001
931|247.001
932|812.001
933|758.001
934|150.001
935|501.001
936|911.001
937|626.001
938|260.001
939|512.001
940|262.001
941|879.001
942|551.001
943|304.001
944|199.001
945|554.001
946|544.001
947|910.001
948|140.001
949|740.001
950|513.001
951|380.001
952|485.001
953|268.001
954|135.001
955|71.001
956|541.001
957|116.001
958|895.001
959|892.001
960|992.001
961|493.001
962|378.001
963|259.001
964|346.001
965|439.001
966|526.001
967|494.001
968|845.001
969|824.001
970|885.001
971|912.001
972|15.001
973|547.001
974|154.001
975|934.001
976|396.001
977|444.001
978|407.001
979|670.001
980|533.001
981|826.001
982|312.001
983|80.001
984|936.001
985|805.001
986|182.001
987|420.001
988|845.001
989|775.001
990|649.001
991|157.001
992|681.001
993|938.001
994|713.001
995|134.001
996|349.001
997|207.001
998|51.001
999|152.001
