1|991.001
2|568.001
3|166.001
4|671.001
5|512.001
6|13.001
7|217.001
8|218.001
9|86.001
10|241.001
11|261.001
12|796.001
13|101.001
14|703.001
15|797.001
16|335.001
17|448.001
18|283.001
19|384.001
20|146.001
21|547.001
22|454.001
23|109.001
24|600.001
25|815.001
26|871.001
27|1.001
28|272.001
29|838.001
30|364.001
31|464.001
32|878.001
33|581.001
34|773.001
35|908.001
36|68.001
37|129.001
38|28.001
39|364.001
40|49.001
41|85.001
42|289.001
43|751.001
44|414.001
45|495.001
46|475.001
47|936.001
48|460.001
49|223.001
50|238.001
51|418.001
52|279.001
53|833.001
54|845.001
55|499.001
56|407.001
57|630.001
58|729.001
59|578.001
60|8.001
61|688.001
62|357.001
63|388.001
64|716.001
65|952.001
66|457.001
67|447.001
68|219.001
69|217.001
70|561.001
71|705.001
72|837.001
73|449.001
74|762.001
75|74.001
76|512.001
77|538.001
78|185.001
79|378.001
80|921.001
81|811.001
82|878.001
83|324.001
84|992.001
85|844.001
86|874.001
87|30.001
88|82.001
89|318.001
90|42.001
91|427.001
92|867.001
93|633.001
94|815.001
95|249.001
96|768.001
97|544.001
98|699.001
99|144.001
100|480.001
101|30.001
102|153.001
103|276.001
104|880.001
105|797.001
106|639.001
107|727.001
108|839.001
109|221.001
110|117.001
111|151.001
112|502.001
113|861.001
114|127.001
115|534.001
116|708.001
117|750.001
118|63.001
119|831.001
120|179.001
121|646.001
122|733.001
123|574.001
124|567.001
125|607.001
126|735.001
127|10.001
128|743.001
129|93.001
130|939.001
131|557.001
132|625.001
133|406.001
134|416.001
135|26.001
136|280.001
137|211.001
138|261.001
139|121.001
140|463.001
141|181.001
142|617.001
143|713.001
144|394.001
145|167.001
146|677.001
147|603.001
148|658.001
149|219.001
150|956.001
151|712.001
152|921.001
153|46.001
154|906.001
155|9.001
156|654.001
157|752.001
158|244.001
159|663.001
160|134.001
161|311.001
162|743.001
163|990.001
164|290.001
165|763.001
166|586.001
167|720.001
168|554.001
169|313.001
170|179.001
171|220.001
172|309.001
173|404.001
174|626.001
175|336.001
176|854.001
177|837.001
178|88.001
179|647.001
180|529.001
181|686.001
182|114.001
183|692.001
184|273.001
185|745.001
186|562.001
187|692.001
188|881.001
189|360.001
190|63.001
191|903.001
192|502.001
193|80.001
194|835.001
195|734.001
196|975.001
197|359.001
198|477.001
199|118.001
200|253.001
201|461.001
202|807.001
203|249.001
204|844.001
205|468.001
206|604.001
207|818.001
208|770.001
209|742.001
210|506.001
211|662.001
212|573.001
213|853.001
214|525.001
215|302.001
216|10.001
217|165.001
218|923.001
219|960.001
220|694.001
221|776.001
222|672.001
223|744.001
224|767.001
225|1.001
226|159.001
227|367.001
228|281.001
229|863.001
230|982.001
231|451.001
232|64.001
233|402.001
234|234.001
235|89.001
236|603.001
237|101.001
238|242.001
239|428.001
240|264.001
241|584.001
242|263.001
243|319.001
244|619.001
245|720.001
246|40.001
247|38.001
248|619.001
249|852.001
250|667.001
251|514.001
252|906.001
253|455.001
254|529.001
255|578.001
256|905.001
257|498.001
258|677.001
259|469.001
260|329.001
261|418.001
262|395.001
263|968.001
264|692.001
265|855.001
266|678.001
267|650.001
268|766.001
269|330.001
270|661.001
271|69.001
272|107.001
273|272.001
274|178.001
275|988.001
276|776.001
277|317.001
278|417.001
279|727.001
280|494.001
281|24.001
282|199.001
283|667.001
284|835.001
285|556.001
286|407.001
287|206.001
288|780.001
289|540.001
290|84.001
291|611.001
292|876.001
293|940.001
294|51.001
295|25.001
296|303.001
297|702.001
298|269.001
299|569.001
300|810.001
301|625.001
302|850.001
303|629.001
304|598.001
305|534.001
306|389.001
307|927.001
308|57.001
309|111.001
310|315.001
311|271.001
312|611.001
313|380.001
314|696.001
315|331.001
316|353.001
317|13.001
318|878.001
319|961.001
320|516.001
321|426.001
322|722.001
323|460.001
324|288.001
325|782.001
326|894.001
327|104.001
328|60.001
329|391.001
330|429.001
331|112.001
332|22.001
333|9.001
334|754.001
335|768.001
336|823.001
337|239.001
338|466.001
339|734.001
340|50.001
341|165.001
342|449.001
343|81.001
344|232.001
345|73.001
346|957.001
347|9.001
348|684.001
349|3.001
350|377.001
351|535.001
352|976.001
353|234.001
354|576.001
355|384.001
356|928.001
357|636.001
358|578.001
359|578.001
360|356.001
361|663.001
362|837.001
363|741.001
364|107.001
365|208.001
366|563.001
367|829.001
368|119.001
369|476.001
370|704.001
371|789.001
372|449.001
373|173.001
374|696.001
375|284.001
376|184.001
377|46.001
378|351.001
379|433.001
380|201.001
381|389.001
382|458.001
383|365.001
384|647.001
385|103.001
386|698.001
387|961.001
388|388.001
389|201.001
390|338.001
391|665.001
392|827.001
393|798.001
394|682.001
395|556.001
396|973.001
397|13.001
398|801.001
399|526.001
400|367.001
401|939.001
402|958.001
403|200.001
404|943.001
405|219.001
406|250.001
407|503.001
408|466.001
409|837.001
410|743.001
411|326.001
412|883.001
413|733.001
414|596.001
415|333.001
416|217.001
417|839.001
418|814.001
419|263.001
420|329.001
421|74.001
422|485.001
423|37.001
424|688.001
425|221.001
426|927.001
427|976.001
428|545.001
429|910.001
430|784.001
431|783.001
432|703.001
433|518.001
434|46.001
435|832.001
436|491.001
437|724.001
438|756.001
439|799.001
440|36.001
441|730.001
442|825.001
443|597.001
444|421.001
445|244.001
446|863.001
447|260.001
448|951.001
449|459.001
450|773.001
451|647.001
452|715.001
453|443.001
454|933.001
455|737.001
456|0.001
457|207.001
458|647.001
459|35.001
460|915.001
461|866.001
462|995.001
463|77.001
464|436.001
465|31.001
466|556.001
467|977.001
468|914.001
469|508.001
470|956.001
471|794.001
472|761.001
473|358.001
474|6.001
475|215.001
476|141.001
477|553.001
478|532.001
479|522.001
480|974.001
481|327.001
482|198.001
483|42.001
484|800.001
485|98.001
486|654.001
487|88.001
488|247.001
489|294.001
490|431.001
491|737.001
492|583.001
493|13.001
494|549.001
495|501.001
496|320.001
497|594.001
498|131.001
499|855.001
500|720.001
501|460.001
502|980.001
503|334.001
504|785.001
505|839.001
506|89.001
507|612.001
508|300.001
509|747.001
510|21.001
511|140.001
512|119.001
513|419.001
514|373.001
515|33.001
516|436.001
517|88.001
518|309.001
519|157.001
520|10.001
521|449.001
522|523.001
523|354.001
524|262.001
525|527.001
526|805.001
527|459.001
528|817.001
529|410.001
530|747.001
531|759.001
532|223.001
533|859.001
534|849.001
535|199.001
536|959.001
537|462.001
538|25.001
539|955.001
540|955.001
541|668.001
542|90.001
543|955.001
544|584.001
545|540.001
546|498.001
547|454.001
548|449.001
549|489.001
550|258.001
551|785.001
552|66.001
553|112.001
554|324.001
555|927.001
556|99.001
557|916.001
558|96.001
559|487.001
560|583.001
561|916.001
562|757.001
563|23.001
564|138.001
565|239.001
566|808.001
567|749.001
568|512.001
569|305.001
570|143.001
571|153.001
572|521.001
573|371.001
574|553.001
575|523.001
576|125.001
577|250.001
578|369.001
579|812.001
580|789.001
581|525.001
582|551.001
583|90.001
584|334.001
585|399.001
586|818.001
587|699.001
588|166.001
589|328.001
590|182.001
591|693.001
592|743.001
593|780.001
594|19.001
595|867.001
596|47.001
597|582.001
598|195.001
599|505.001
600|275.001
601|25.001
602|435.001
603|76.001
604|76.001
605|620.001
606|149.001
607|815.001
608|593.001
609|620.001
610|919.001
611|691.001
612|882.001
613|736.001
614|397.001
615|814.001
616|139.001
617|931.001
618|107.001
619|700.001
620|572.001
621|754.001
622|951.001
623|964.001
624|378.001
625|878.001
626|226.001
627|988.001
628|262.001
629|764.001
630|710.001
631|25.001
632|526.001
633|495.001
634|465.001
635|241.001
636|104.001
637|565.001
638|453.001
639|491.001
640|34.001
641|621.001
642|206.001
643|454.001
644|173.001
645|789.001
646|275.001
647|163.001
648|646.001
649|790.001
650|437.001
651|675.001
652|187.001
653|672.001
654|960.001
655|881.001
656|634.001
657|60.001
658|905.001
659|126.001
660|681.001
661|982.001
662|947.001
663|128.001
664|389.001
665|126.001
666|146.001
667|215.001
668|251.001
669|275.001
670|150.001
671|439.001
672|162.001
673|319.001
674|989.001
675|155.001
676|964.001
677|107.001
678|535.001
679|922.001
680|876.001
681|977.001
682|864.001
683|438.001
684|940.001
685|54.001
686|393.001
687|774.001
688|36.001
689|913.001
690|495.001
691|847.001
692|989.001
693|285.001
694|120.001
695|191.001
696|450.001
697|958.001
698|848.001
699|964.001
700|897.001
701|355.001
702|93.001
703|616.001
704|772.001
705|34.001
706|202.001
707|811.001
708|75.001
709|824.001
710|808.001
711|553.001
712|505.001
713|156.001
714|20.001
715|53.001
716|647.001
717|60.001
718|649.001
719|310.001
720|197.001
721|842.001
722|234.001
723|166.001
724|975.001
725|587.001
726|509.001
727|430.001
728|690.001
729|681.001
730|254.001
731|681.001
732|286.001
733|32.001
734|365.001
735|604.001
736|513.001
737|221.001
738|614.001
739|267.001
740|19.001
741|212.001
742|698.001
743|135.001
744|741.001
745|547.001
746|704.001
747|820.001
748|621.001
749|932.001
750|16.001
751|135.001
752|690.001
753|857.001
754|44.001
755|834.001
756|532.001
757|564.001
758|124.001
759|965.001
760|104.001
761|897.001
762|117.001
763|876.001
764|541.001
765|208.001
766|449.001
767|868.001
768|519.001
769|154.001
770|977.001
771|489.001
772|479.001
773|530.001
774|792.001
775|443.001
776|598.001
777|526.001
778|652.001
779|40.001
780|699.001
781|403.001
782|430.001
783|26.001
784|398.001
785|784.001
786|507.001
787|0.001
788|764.001
789|760.001
790|23.001
791|15.001
792|978.001
793|956.001
794|583.001
795|410.001
796|655.001
797|106.001
798|874.001
799|842.001
800|312.001
801|167.001
802|696.001
803|774.001
804|114.001
805|849.001
806|574.001
807|674.001
808|847.001
809|376.001
810|264.001
811|264.001
812|613.001
813|941.001
814|130.001
815|704.001
816|454.001
817|132.001
818|662.001
819|287.001
820|35.001
821|549.001
822|704.001
823|422.001
824|565.001
825|124.001
826|201.001
827|637.001
828|443.001
829|969.001
830|872.001
831|791.001
832|63.001
833|865.001
834|512.001
835|108.001
836|597.001
837|502.001
838|933.001
839|234.001
840|906.001
841|698.001
842|311.001
843|131.001
844|130.001
845|353.001
846|692.001
847|167.001
848|318.001
849|975.001
850|988.001
851|642.001
852|670.001
853|288.001
854|454.001
855|661.001
856|924.001
857|605.001
858|702.001
859|447.001
860|744.001
861|429.001
862|62.001
863|789.001
864|342.001
865|426.001
866|357.001
867|186.001
868|851.001
869|809.001
870|549.001
871|349.001
872|555.001
873|812.001
874|957.001
875|890.001
876|775.001
877|842.001
878|455.001
879|754.001
880|242.001
881|736.001
882|60.001
883|308.001
884|152.001
885|377.001
886|216.001
887|464.001
888|527.001
889|711.001
890|943.001
891|367.001
892|898.001
893|200.001
894|35.001
895|915.001
896|148.001
897|3.001
898|973.001
899|96.001
900|35.001
901|973.001
902|774.001
903|629.001
904|537.001
905|912.001
906|943.001
907|208.001
908|177.001
909|81.001
910|291.001
911|721.001
912|158.001
913|872.001
914|581.001
915|507.001
916|128.001
917|614.001
918|6.001
919|332.001
920|179.001
921|874.001
922|623.001
923|166.001
924|884.001
925|566.001
926|434.001
927|441.001
928|838.001
929|778.001
930|414.001
931|125.001
932|945.001
933|783.001
934|969.001
935|348.001
936|741.001
937|434.001
938|669.001
939|376.001
940|445.001
941|687.001
942|176.001
943|751.001
944|875.001
945|342.001
946|487.001
947|688.001
948|219.001
949|197.001
950|344.001
951|138.001
952|756.001
953|611.001
954|689.001
955|586.001
956|204.001
957|811.001
958|642.001
959|606.001
960|471.001
961|442.001
962|233.001
963|774.001
964|919.001
965|910.001
966|829.001
967|453.001
968|103.001
969|808.001
970|5.001
971|86.001
972|743.001
973|138.001
974|7.001
975|316.001
976|884.001
977|53.001
978|476.001
979|65.001
980|554.001
981|278.001
982|597.001
983|495.001
984|594.001
985|742.001
986|279.001
987|984.001
988|715.001
989|870.001
990|746.001
991|899.001
992|653.001
993|678.001
994|754.001
995|854.001
996|384.001
997|495.001
998|23.001
999|849.001
