1|323.001
2|611.001
3|913.001
4|300.001
5|634.001
6|83.001
7|826.001
8|395.001
9|233.001
10|885.001
11|750.001
12|655.001
13|139.001
14|346.001
15|804.001
16|448.001
17|1.001
18|402.001
19|581.001
20|851.001
21|527.001
22|638.001
23|729.001
24|768.001
25|343.001
26|37.001
27|192.001
28|126.001
29|790.001
30|722.001
31|205.001
32|644.001
33|581.001
34|276.001
35|627.001
36|437.001
37|888.001
38|179.001
39|949.001
40|192.001
41|673.001
42|246.001
43|517.001
44|168.001
45|706.001
46|877.001
47|611.001
48|919.001
49|206.001
50|991.001
51|876.001
52|304.001
53|945.001
54|263.001
55|269.001
56|141.001
57|979.001
58|648.001
59|52.001
60|216.001
61|447.001
62|78.001
63|409.001
64|971.001
65|863.001
66|253.001
67|643.001
68|355.001
69|333.001
70|422.001
71|177.001
72|141.001
73|460.001
74|781.001
75|375.001
76|162.001
77|358.001
78|481.001
79|893.001
80|673.001
81|887.001
82|440.001
83|265.001
84|660.001
85|902.001
86|588.001
87|259.001
88|606.001
89|489.001
90|729.001
91|444.001
92|945.001
93|626.001
94|318.001
95|859.001
96|547.001
97|257.001
98|76.001
99|888.001
100|226.001
101|115.001
102|8.001
103|276.001
104|994.001
105|772.001
106|861.001
107|378.001
108|565.001
109|915.001
110|225.001
111|814.001
112|800.001
113|738.001
114|801.001
115|643.001
116|502.001
117|538.001
118|531.001
119|113.001
120|161.001
121|444.001
122|636.001
123|450.001
124|270.001
125|887.001
126|541.001
127|905.001
128|164.001
129|646.001
130|629.001
131|165.001
132|695.001
133|18.001
134|870.001
135|513.001
136|705.001
137|563.001
138|356.001
139|985.001
140|422.001
141|415.001
142|575.001
143|452.001
144|225.001
145|429.001
146|763.001
147|860.001
148|462.001
149|851.001
150|38.001
151|581.001
152|687.001
153|67.001
154|424.001
155|68.001
156|703.001
157|919.001
158|267.001
159|225.001
160|487.001
161|723.001
162|606.001
163|717.001
164|260.001
165|854.001
166|871.001
167|157.001
168|25.001
169|778.001
170|888.001
171|174.001
172|722.001
173|959.001
174|781.001
175|493.001
176|777.001
177|245.001
178|884.001
179|133.001
180|589.001
181|133.001
182|578.001
183|160.001
184|870.001
185|113.001
186|449.001
187|165.001
188|522.001
189|369.001
190|421.001
191|593.001
192|933.001
193|365.001
194|175.001
195|624.001
196|711.001
197|928.001
198|538.001
199|224.001
200|542.001
201|725.001
202|727.001
203|294.001
204|255.001
205|599.001
206|902.001
207|350.001
208|710.001
209|233.001
210|74.001
211|514.001
212|305.001
213|877.001
214|398.001
215|284.001
216|540.001
217|828.001
218|302.001
219|842.001
220|853.001
221|416.001
222|195.001
223|220.001
224|36.001
225|243.001
226|393.001
227|215.001
228|193.001
229|752.001
230|737.001
231|153.001
232|868.001
233|345.001
234|179.001
235|359.001
236|159.001
237|554.001
238|293.001
239|272.001
240|769.001
241|824.001
242|764.001
243|595.001
244|240.001
245|936.001
246|178.001
247|993.001
248|83.001
249|745.001
250|406.001
251|511.001
252|311.001
253|812.001
254|677.001
255|621.001
256|620.001
257|438.001
258|460.001
259|462.001
260|831.001
261|360.001
262|439.001
263|198.001
264|526.001
265|718.001
266|860.001
267|206.001
268|501.001
269|499.001
270|935.001
271|951.001
272|615.001
273|179.001
274|769.001
275|367.001
276|947.001
277|416.001
278|486.001
279|276.001
280|2.001
281|323.001
282|544.001
283|343.001
284|615.001
285|576.001
286|730.001
287|782.001
288|43.001
289|533.001
290|715.001
291|576.001
292|543.001
293|175.001
294|925.001
295|307.001
296|240.001
297|412.001
298|134.001
299|865.001
300|892.001
301|916.001
302|375.001
303|59.001
304|77.001
305|208.001
306|494.001
307|423.001
308|615.001
309|586.001
310|869.001
311|751.001
312|193.001
313|23.001
314|893.001
315|188.001
316|909.001
317|800.001
318|164.001
319|353.001
320|534.001
321|775.001
322|515.001
323|675.001
324|798.001
325|806.001
326|104.001
327|161.001
328|294.001
329|222.001
330|328.001
331|885.001
332|456.001
333|81.001
334|400.001
335|309.001
336|943.001
337|343.001
338|37.001
339|786.001
340|641.001
341|908.001
342|493.001
343|853.001
344|557.001
345|75.001
346|187.001
347|256.001
348|189.001
349|655.001
350|319.001
351|89.001
352|251.001
353|920.001
354|450.001
355|619.001
356|935.001
357|656.001
358|615.001
359|149.001
360|595.001
361|441.001
362|671.001
363|771.001
364|537.001
365|380.001
366|469.001
367|133.001
368|857.001
369|917.001
370|850.001
371|549.001
372|73.001
373|697.001
374|752.001
375|146.001
376|935.001
377|487.001
378|99.001
379|494.001
380|274.001
381|209.001
382|450.001
383|547.001
384|918.001
385|269.001
386|323.001
387|228.001
388|853.001
389|366.001
390|757.001
391|991.001
392|65.001
393|133.001
394|563.001
395|326.001
396|344.001
397|691.001
398|450.001
399|759.001
400|490.001
401|456.001
402|498.001
403|417.001
404|524.001
405|317.001
406|942.001
407|310.001
408|943.001
409|534.001
410|955.001
411|56.001
412|619.001
413|145.001
414|916.001
415|118.001
416|240.001
417|74.001
418|618.001
419|720.001
420|666.001
421|116.001
422|956.001
423|851.001
424|864.001
425|372.001
426|294.001
427|478.001
428|859.001
429|766.001
430|57.001
431|740.001
432|280.001
433|731.001
434|979.001
435|806.001
436|137.001
437|28.001
438|663.001
439|312.001
440|110.001
441|59.001
442|645.001
443|957.001
444|723.001
445|44.001
446|64.001
447|433.001
448|248.001
449|813.001
450|772.001
451|16.001
452|813.001
453|589.001
454|897.001
455|674.001
456|279.001
457|853.001
458|867.001
459|738.001
460|37.001
461|971.001
462|792.001
463|908.001
464|203.001
465|803.001
466|433.001
467|883.001
468|699.001
469|362.001
470|140.001
471|608.001
472|220.001
473|785.001
474|23.001
475|161.001
476|577.001
477|349.001
478|836.001
479|312.001
480|195.001
481|964.001
482|141.001
483|457.001
484|463.001
485|914.001
486|350.001
487|334.001
488|289.001
489|632.001
490|353.001
491|80.001
492|419.001
493|122.001
494|656.001
495|704.001
496|472.001
497|445.001
498|524.001
499|518.001
500|699.001
501|394.001
502|571.001
503|395.001
504|919.001
505|576.001
506|367.001
507|960.001
508|814.001
509|759.001
510|543.001
511|913.001
512|870.001
513|933.001
514|258.001
515|885.001
516|948.001
517|741.001
518|970.001
519|485.001
520|39.001
521|898.001
522|156.001
523|350.001
524|822.001
525|236.001
526|977.001
527|469.001
528|866.001
529|526.001
530|359.001
531|404.001
532|933.001
533|275.001
534|894.001
535|911.001
536|229.001
537|259.001
538|478.001
539|894.001
540|807.001
541|527.001
542|664.001
543|387.001
544|721.001
545|74.001
546|475.001
547|418.001
548|550.001
549|94.001
550|653.001
551|786.001
552|685.001
553|116.001
554|94.001
555|177.001
556|92.001
557|430.001
558|643.001
559|709.001
560|525.001
561|362.001
562|255.001
563|154.001
564|915.001
565|759.001
566|300.001
567|936.001
568|178.001
569|827.001
570|476.001
571|940.001
572|539.001
573|861.001
574|953.001
575|901.001
576|21.001
577|132.001
578|893.001
579|518.001
580|951.001
581|123.001
582|100.001
583|820.001
584|987.001
585|464.001
586|825.001
587|55.001
588|583.001
589|756.001
590|757.001
591|925.001
592|344.001
593|234.001
594|203.001
595|26.001
596|566.001
597|304.001
598|513.001
599|219.001
600|31.001
601|784.001
602|21.001
603|8.001
604|540.001
605|971.001
606|15.001
607|426.001
608|54.001
609|806.001
610|765.001
611|248.001
612|450.001
613|397.001
614|579.001
615|16.001
616|625.001
617|780.001
618|304.001
619|213.001
620|189.001
621|169.001
622|555.001
623|998.001
624|65.001
625|267.001
626|268.001
627|385.001
628|50.001
629|940.001
630|228.001
631|332.001
632|888.001
633|58.001
634|616.001
635|977.001
636|673.001
637|391.001
638|620.001
639|312.001
640|551.001
641|462.001
642|382.001
643|192.001
644|85.001
645|260.001
646|349.001
647|225.001
648|460.001
649|815.001
650|800.001
651|281.001
652|863.001
653|673.001
654|577.001
655|49.001
656|778.001
657|112.001
658|668.001
659|926.001
660|149.001
661|481.001
662|216.001
663|328.001
664|811.001
665|121.001
666|940.001
667|259.001
668|718.001
669|834.001
670|714.001
671|296.001
672|859.001
673|55.001
674|481.001
675|515.001
676|167.001
677|803.001
678|544.001
679|275.001
680|728.001
681|440.001
682|500.001
683|398.001
684|260.001
685|532.001
686|390.001
687|836.001
688|808.001
689|2.001
690|742.001
691|727.001
692|471.001
693|720.001
694|587.001
695|857.001
696|588.001
697|885.001
698|935.001
699|136.001
700|626.001
701|934.001
702|971.001
703|138.001
704|815.001
705|283.001
706|357.001
707|371.001
708|651.001
709|208.001
710|328.001
711|735.001
712|855.001
713|266.001
714|405.001
715|299.001
716|213.001
717|825.001
718|790.001
719|512.001
720|700.001
721|635.001
722|581.001
723|175.001
724|943.001
725|32.001
726|977.001
727|704.001
728|945.001
729|147.001
730|771.001
731|814.001
732|649.001
733|61.001
734|512.001
735|306.001
736|867.001
737|322.001
738|463.001
739|253.001
740|592.001
741|812.001
742|34.001
743|426.001
744|386.001
745|309.001
746|562.001
747|713.001
748|629.001
749|640.001
750|455.001
751|983.001
752|534.001
753|694.001
754|991.001
755|792.001
756|633.001
757|176.001
758|872.001
759|612.001
760|720.001
761|332.001
762|408.001
763|467.001
764|51.001
765|112.001
766|117.001
767|530.001
768|334.001
769|347.001
770|937.001
771|107.001
772|538.001
773|43.001
774|50.001
775|891.001
776|588.001
777|799.001
778|218.001
779|868.001
780|889.001
781|805.001
782|54.001
783|441.001
784|46.001
785|37.001
786|219.001
787|37.001
788|613.001
789|878.001
790|280.001
791|617.001
792|710.001
793|201.001
794|46.001
795|775.001
796|293.001
797|286.001
798|873.001
799|108.001
800|922.001
801|860.001
802|659.001
803|844.001
804|583.001
805|48.001
806|951.001
807|99.001
808|427.001
809|655.001
810|575.001
811|555.001
812|246.001
813|662.001
814|277.001
815|367.001
816|817.001
817|362.001
818|308.001
819|442.001
820|278.001
821|815.001
822|560.001
823|811.001
824|349.001
825|849.001
826|770.001
827|501.001
828|117.001
829|291.001
830|726.001
831|829.001
832|215.001
833|61.001
834|391.001
835|290.001
836|293.001
837|261.001
838|587.001
839|400.001
840|626.001
841|652.001
842|30.001
843|826.001
844|894.001
845|356.001
846|764.001
847|226.001
848|515.001
849|41.001
850|618.001
851|265.001
852|647.001
853|473.001
854|130.001
855|571.001
856|875.001
857|250.001
858|819.001
859|529.001
860|502.001
861|664.001
862|871.001
863|371.001
864|555.001
865|669.001
866|996.001
867|121.001
868|425.001
869|672.001
870|41.001
871|293.001
872|741.001
873|57.001
874|715.001
875|790.001
876|260.001
877|89.001
878|535.001
879|565.001
880|690.001
881|44.001
882|294.001
883|505.001
884|85.001
885|132.001
886|776.001
887|130.001
888|734.001
889|388.001
890|334.001
891|26.001
892|944.001
893|978.001
894|861.001
895|802.001
896|713.001
897|868.001
898|959.001
899|81.001
900|577.001
901|41.001
902|320.001
903|987.001
904|64.001
905|935.001
906|597.001
907|57.001
908|622.001
909|154.001
910|749.001
911|243.001
912|907.001
913|650.001
914|884.001
915|262.001
916|142.001
917|643.001
918|284.001
919|378.001
920|462.001
921|972.001
922|954.001
923|301.001
924|93.001
925|729.001
926|286.001
927|518.001
928|987.001
929|431.001
930|980.001
931|470.001
932|430.001
933|95.001
934|259.001
935|363.001
936|671.001
937|542.001
938|817.001
939|791.001
940|312.001
941|403.001
942|490.001
943|176.001
944|49.001
945|712.001
946|918.001
947|695.001
948|391.001
949|236.001
950|538.001
951|591.001
952|330.001
953|250.001
954|35.001
955|112.001
956|933.001
957|692.001
958|685.001
959|285.001
960|422.001
961|189.001
962|812.001
963|55.001
964|161.001
965|55.001
966|770.001
967|4.001
968|143.001
969|210.001
970|303.001
971|241.001
972|113.001
973|994.001
974|591.001
975|59.001
976|293.001
977|914.001
978|179.001
979|44.001
980|777.001
981|313.001
982|298.001
983|240.001
984|111.001
985|602.001
986|895.001
987|299.001
988|301.001
989|188.001
990|235.001
991|322.001
992|855.001
993|100.001
994|687.001
995|15.001
996|419.001
997|607.001
998|514.001
999|731.001
