1|241.001
2|885.001
3|200.001
4|145.001
5|863.001
6|656.001
7|908.001
8|558.001
9|146.001
10|687.001
11|691.001
12|369.001
13|325.001
14|468.001
15|635.001
16|192.001
17|992.001
18|898.001
19|444.001
20|690.001
21|243.001
22|469.001
23|391.001
24|216.001
25|315.001
26|867.001
27|271.001
28|198.001
29|565.001
30|294.001
31|658.001
32|504.001
33|496.001
34|888.001
35|616.001
36|599.001
37|622.001
38|480.001
39|585.001
40|518.001
41|694.001
42|968.001
43|453.001
44|365.001
45|549.001
46|750.001
47|591.001
48|329.001
49|472.001
50|773.001
51|15.001
52|845.001
53|294.001
54|964.001
55|352.001
56|353.001
57|266.001
58|998.001
59|984.001
60|941.001
61|734.001
62|466.001
63|874.001
64|809.001
65|923.001
66|745.001
67|85.001
68|974.001
69|794.001
70|381.001
71|685.001
72|518.001
73|580.001
74|647.001
75|234.001
76|215.001
77|544.001
78|587.001
79|968.001
80|686.001
81|98.001
82|327.001
83|662.001
84|565.001
85|466.001
86|980.001
87|258.001
88|435.001
89|62.001
90|186.001
91|747.001
92|373.001
93|801.001
94|520.001
95|287.001
96|774.001
97|583.001
98|167.001
99|122.001
100|841.001
101|438.001
102|900.001
103|667.001
104|942.001
105|10.001
106|925.001
107|307.001
108|576.001
109|425.001
110|427.001
111|602.001
112|544.001
113|463.001
114|348.001
115|801.001
116|453.001
117|554.001
118|47.001
119|582.001
120|528.001
121|973.001
122|770.001
123|165.001
124|440.001
125|768.001
126|322.001
127|935.001
128|625.001
129|933.001
130|537.001
131|512.001
132|519.001
133|377.001
134|24.001
135|117.001
136|299.001
137|565.001
138|794.001
139|321.001
140|168.001
141|557.001
142|612.001
143|55.001
144|652.001
145|646.001
146|416.001
147|145.001
148|523.001
149|407.001
150|32.001
151|424.001
152|65.001
153|908.001
154|630.001
155|513.001
156|282.001
157|971.001
158|710.001
159|213.001
160|118.001
161|264.001
162|11.001
163|287.001
164|834.001
165|225.001
166|871.001
167|150.001
168|903.001
169|228.001
170|693.001
171|615.001
172|916.001
173|84.001
174|568.001
175|180.001
176|85.001
177|839.001
178|799.001
179|134.001
180|152.001
181|378.001
182|91.001
183|166.001
184|449.001
185|717.001
186|120.001
187|813.001
188|404.001
189|957.001
190|830.001
191|603.001
192|66.001
193|623.001
194|540.001
195|772.001
196|125.001
197|768.001
198|707.001
199|175.001
200|339.001
201|931.001
202|5.001
203|539.001
204|418.001
205|782.001
206|746.001
207|3.001
208|304.001
209|877.001
210|864.001
211|741.001
212|662.001
213|771.001
214|729.001
215|680.001
216|890.001
217|504.001
218|56.001
219|934.001
220|718.001
221|980.001
222|885.001
223|951.001
224|288.001
225|334.001
226|167.001
227|439.001
228|213.001
229|452.001
230|12.001
231|780.001
232|919.001
233|82.001
234|783.001
235|607.001
236|518.001
237|920.001
238|1.001
239|376.001
240|35.001
241|282.001
242|232.001
243|815.001
244|607.001
245|329.001
246|370.001
247|858.001
248|194.001
249|303.001
250|963.001
251|109.001
252|622.001
253|448.001
254|747.001
255|835.001
256|82.001
257|657.001
258|515.001
259|292.001
260|626.001
261|25.001
262|433.001
263|103.001
264|718.001
265|124.001
266|967.001
267|156.001
268|577.001
269|240.001
270|778.001
271|352.001
272|616.001
273|183.001
274|159.001
275|940.001
276|879.001
277|527.001
278|433.001
279|319.001
280|780.001
281|828.001
282|868.001
283|388.001
284|320.001
285|530.001
286|984.001
287|888.001
288|423.001
289|964.001
290|778.001
291|460.001
292|363.001
293|119.001
294|300.001
295|393.001
296|893.001
297|198.001
298|382.001
299|894.001
300|696.001
301|27.001
302|719.001
303|253.001
304|11.001
305|907.001
306|318.001
307|970.001
308|695.001
309|303.001
310|558.001
311|350.001
312|483.001
313|934.001
314|874.001
315|794.001
316|924.001
317|966.001
318|11.001
319|427.001
320|621.001
321|309.001
322|367.001
323|338.001
324|608.001
325|888.001
326|557.001
327|0.001
328|408.001
329|314.001
330|983.001
331|801.001
332|207.001
333|993.001
334|593.001
335|508.001
336|345.001
337|797.001
338|910.001
339|554.001
340|787.001
341|121.001
342|537.001
343|923.001
344|276.001
345|912.001
346|949.001
347|164.001
348|53.001
349|974.001
350|359.001
351|912.001
352|124.001
353|87.001
354|218.001
355|762.001
356|988.001
357|416.001
358|253.001
359|668.001
360|539.001
361|66.001
362|16.001
363|529.001
364|628.001
365|617.001
366|885.001
367|291.001
368|731.001
369|313.001
370|861.001
371|117.001
372|44.001
373|417.001
374|483.001
375|656.001
376|289.001
377|703.001
378|224.001
379|70.001
380|348.001
381|665.001
382|450.001
383|397.001
384|886.001
385|965.001
386|180.001
387|597.001
388|229.001
389|35.001
390|160.001
391|278.001
392|919.001
393|21.001
394|980.001
395|970.001
396|742.001
397|199.001
398|626.001
399|780.001
400|858.001
401|234.001
402|174.001
403|869.001
404|347.001
405|799.001
406|735.001
407|607.001
408|475.001
409|948.001
410|230.001
411|163.001
412|207.001
413|512.001
414|995.001
415|264.001
416|435.001
417|598.001
418|441.001
419|268.001
420|93.001
421|105.001
422|650.001
423|139.001
424|898.001
425|841.001
426|390.001
427|513.001
428|224.001
429|781.001
430|80.001
431|139.001
432|342.001
433|383.001
434|667.001
435|298.001
436|692.001
437|8.001
438|537.001
439|648.001
440|673.001
441|515.001
442|330.001
443|230.001
444|15.001
445|71.001
446|952.001
447|906.001
448|381.001
449|532.001
450|30.001
451|257.001
452|216.001
453|688.001
454|467.001
455|614.001
456|464.001
457|894.001
458|853.001
459|583.001
460|499.001
461|644.001
462|680.001
463|802.001
464|440.001
465|932.001
466|336.001
467|919.001
468|845.001
469|582.001
470|775.001
471|957.001
472|986.001
473|321.001
474|148.001
475|140.001
476|692.001
477|883.001
478|129.001
479|930.001
480|590.001
481|957.001
482|872.001
483|989.001
484|323.001
485|40.001
486|850.001
487|451.001
488|691.001
489|177.001
490|964.001
491|649.001
492|913.001
493|616.001
494|805.001
495|534.001
496|840.001
497|744.001
498|75.001
499|459.001
500|215.001
501|685.001
502|96.001
503|305.001
504|865.001
505|447.001
506|907.001
507|64.001
508|384.001
509|252.001
510|500.001
511|163.001
512|327.001
513|413.001
514|865.001
515|370.001
516|248.001
517|781.001
518|82.001
519|735.001
520|470.001
521|626.001
522|428.001
523|270.001
524|246.001
525|137.001
526|437.001
527|274.001
528|430.001
529|749.001
530|220.001
531|873.001
532|403.001
533|54.001
534|518.001
535|824.001
536|554.001
537|251.001
538|83.001
539|141.001
540|465.001
541|3.001
542|956.001
543|762.001
544|526.001
545|563.001
546|497.001
547|252.001
548|554.001
549|307.001
550|932.001
551|557.001
552|987.001
553|547.001
554|752.001
555|697.001
556|650.001
557|842.001
558|397.001
559|731.001
560|164.001
561|900.001
562|3.001
563|31.001
564|503.001
565|176.001
566|327.001
567|260.001
568|226.001
569|195.001
570|814.001
571|556.001
572|892.001
573|113.001
574|996.001
575|168.001
576|97.001
577|148.001
578|368.001
579|926.001
580|489.001
581|613.001
582|677.001
583|544.001
584|1.001
585|172.001
586|736.001
587|445.001
588|566.001
589|274.001
590|649.001
591|67.001
592|902.001
593|777.001
594|214.001
595|332.001
596|229.001
597|180.001
598|149.001
599|388.001
600|839.001
601|929.001
602|98.001
603|751.001
604|753.001
605|699.001
606|602.001
607|89.001
608|515.001
609|627.001
610|833.001
611|825.001
612|156.001
613|673.001
614|84.001
615|464.001
616|846.001
617|695.001
618|130.001
619|244.001
620|24.001
621|78.001
622|948.001
623|284.001
624|354.001
625|870.001
626|993.001
627|537.001
628|122.001
629|774.001
630|150.001
631|624.001
632|641.001
633|787.001
634|706.001
635|628.001
636|902.001
637|297.001
638|291.001
639|475.001
640|800.001
641|736.001
642|784.001
643|247.001
644|204.001
645|686.001
646|993.001
647|841.001
648|644.001
649|746.001
650|296.001
651|363.001
652|365.001
653|999.001
654|952.001
655|427.001
656|978.001
657|349.001
658|270.001
659|203.001
660|670.001
661|194.001
662|640.001
663|636.001
664|988.001
665|172.001
666|49.001
667|363.001
668|441.001
669|414.001
670|607.001
671|135.001
672|716.001
673|849.001
674|327.001
675|687.001
676|405.001
677|417.001
678|685.001
679|164.001
680|828.001
681|376.001
682|217.001
683|174.001
684|17.001
685|902.001
686|211.001
687|686.001
688|524.001
689|222.001
690|77.001
691|20.001
692|284.001
693|390.001
694|819.001
695|462.001
696|381.001
697|874.001
698|597.001
699|745.001
700|19.001
701|648.001
702|86.001
703|508.001
704|663.001
705|907.001
706|441.001
707|244.001
708|616.001
709|871.001
710|886.001
711|887.001
712|96.001
713|577.001
714|628.001
715|168.001
716|5.001
717|194.001
718|62.001
719|761.001
720|410.001
721|391.001
722|488.001
723|295.001
724|960.001
725|706.001
726|883.001
727|713.001
728|331.001
729|938.001
730|252.001
731|448.001
732|441.001
733|677.001
734|455.001
735|729.001
736|104.001
737|165.001
738|779.001
739|686.001
740|916.001
741|829.001
742|201.001
743|112.001
744|266.001
745|224.001
746|564.001
747|918.001
748|654.001
749|657.001
750|966.001
751|427.001
752|704.001
753|265.001
754|531.001
755|980.001
756|440.001
757|485.001
758|850.001
759|719.001
760|662.001
761|223.001
762|26.001
763|695.001
764|985.001
765|485.001
766|699.001
767|204.001
768|198.001
769|695.001
770|856.001
771|164.001
772|355.001
773|50.001
774|950.001
775|634.001
776|543.001
777|875.001
778|603.001
779|798.001
780|842.001
781|188.001
782|256.001
783|629.001
784|15.001
785|944.001
786|794.001
787|13.001
788|504.001
789|990.001
790|313.001
791|561.001
792|252.001
793|698.001
794|736.001
795|245.001
796|621.001
797|980.001
798|267.001
799|190.001
800|594.001
801|805.001
802|32.001
803|137.001
804|877.001
805|723.001
806|669.001
807|864.001
808|751.001
809|233.001
810|265.001
811|654.001
812|39.001
813|765.001
814|906.001
815|863.001
816|334.001
817|60.001
818|766.001
819|348.001
820|492.001
821|442.001
822|977.001
823|168.001
824|158.001
825|390.001
826|629.001
827|22.001
828|636.001
829|617.001
830|955.001
831|61.001
832|184.001
833|240.001
834|526.001
835|84.001
836|197.001
837|7.001
838|771.001
839|74.001
840|156.001
841|220.001
842|659.001
843|237.001
844|445.001
845|539.001
846|125.001
847|349.001
848|511.001
849|307.001
850|419.001
851|327.001
852|431.001
853|498.001
854|760.001
855|807.001
856|917.001
857|54.001
858|177.001
859|66.001
860|702.001
861|902.001
862|301.001
863|84.001
864|656.001
865|141.001
866|503.001
867|516.001
868|176.001
869|394.001
870|840.001
871|524.001
872|740.001
873|871.001
874|455.001
875|797.001
876|983.001
877|957.001
878|6.001
879|76.001
880|69.001
881|809.001
882|973.001
883|618.001
884|841.001
885|768.001
886|228.001
887|193.001
888|690.001
889|240.001
890|672.001
891|505.001
892|347.001
893|143.001
894|649.001
895|252.001
896|556.001
897|12.001
898|240.001
899|430.001
900|30.001
901|129.001
902|772.001
903|416.001
904|926.001
905|119.001
906|836.001
907|384.001
908|252.001
909|338.001
910|393.001
911|726.001
912|341.001
913|15.001
914|275.001
915|425.001
916|894.001
917|478.001
918|277.001
919|253.001
920|570.001
921|732.001
922|182.001
923|862.001
924|112.001
925|498.001
926|226.001
927|200.001
928|402.001
929|182.001
930|365.001
931|50.001
932|949.001
933|792.001
934|421.001
935|458.001
936|622.001
937|158.001
938|230.001
939|170.001
940|201.001
941|688.001
942|255.001
943|873.001
944|463.001
945|5.001
946|895.001
947|513.001
948|79.001
949|590.001
950|571.001
951|998.001
952|105.001
953|146.001
954|365.001
955|269.001
956|199.001
957|657.001
958|777.001
959|185.001
960|735.001
961|248.001
962|146.001
963|616.001
964|748.001
965|984.001
966|506.001
967|428.001
968|903.001
969|456.001
970|978.001
971|415.001
972|515.001
973|757.001
974|893.001
975|480.001
976|118.001
977|915.001
978|70.001
979|172.001
980|555.001
981|446.001
982|610.001
983|319.001
984|132.001
985|955.001
986|791.001
987|502.001
988|800.001
989|247.001
990|197.001
991|607.001
992|480.001
993|904.001
994|370.001
995|407.001
996|182.001
997|127.001
998|743.001
999|957.001
