1|528.001
2|909.001
3|880.001
4|345.001
5|767.001
6|203.001
7|75.001
8|160.001
9|577.001
10|184.001
11|475.001
12|2.001
13|242.001
14|3.001
15|166.001
16|126.001
17|1.001
18|29.001
19|936.001
20|445.001
21|640.001
22|553.001
23|35.001
24|506.001
25|573.001
26|927.001
27|909.001
28|301.001
29|428.001
30|126.001
31|192.001
32|971.001
33|323.001
34|650.001
35|255.001
36|240.001
37|792.001
38|94.001
39|431.001
40|226.001
41|856.001
42|129.001
43|538.001
44|592.001
45|254.001
46|34.001
47|408.001
48|151.001
49|596.001
50|540.001
51|66.001
52|467.001
53|127.001
54|967.001
55|0.001
56|671.001
57|270.001
58|82.001
59|290.001
60|760.001
61|214.001
62|25.001
63|147.001
64|797.001
65|655.001
66|136.001
67|975.001
68|630.001
69|179.001
70|70.001
71|557.001
72|172.001
73|786.001
74|513.001
75|587.001
76|623.001
77|575.001
78|324.001
79|276.001
80|326.001
81|40.001
82|270.001
83|474.001
84|685.001
85|861.001
86|878.001
87|70.001
88|23.001
89|60.001
90|471.001
91|863.001
92|5.001
93|114.001
94|315.001
95|74.001
96|907.001
97|620.001
98|188.001
99|156.001
100|343.001
101|179.001
102|152.001
103|421.001
104|264.001
105|137.001
106|357.001
107|112.001
108|170.001
109|781.001
110|984.001
111|60.001
112|48.001
113|22.001
114|960.001
115|763.001
116|922.001
117|82.001
118|353.001
119|223.001
120|436.001
121|871.001
122|225.001
123|858.001
124|307.001
125|716.001
126|146.001
127|178.001
128|908.001
129|104.001
130|95.001
131|421.001
132|517.001
133|431.001
134|733.001
135|750.001
136|75.001
137|310.001
138|173.001
139|384.001
140|820.001
141|478.001
142|75.001
143|662.001
144|518.001
145|699.001
146|82.001
147|58.001
148|995.001
149|407.001
150|230.001
151|638.001
152|472.001
153|342.001
154|912.001
155|47.001
156|490.001
157|382.001
158|494.001
159|442.001
160|997.001
161|15.001
162|671.001
163|404.001
164|416.001
165|330.001
166|373.001
167|632.001
168|153.001
169|55.001
170|967.001
171|349.001
172|335.001
173|160.001
174|796.001
175|985.001
176|398.001
177|578.001
178|6.001
179|581.001
180|391.001
181|346.001
182|56.001
183|656.001
184|715.001
185|187.001
186|957.001
187|666.001
188|276.001
189|643.001
190|19.001
191|14.001
192|29.001
193|826.001
194|585.001
195|82.001
196|467.001
197|699.001
198|457.001
199|569.001
200|200.001
201|811.001
202|266.001
203|294.001
204|27.001
205|171.001
206|908.001
207|146.001
208|139.001
209|906.001
210|67.001
211|184.001
212|94.001
213|29.001
214|534.001
215|931.001
216|546.001
217|426.001
218|745.001
219|24.001
220|914.001
221|241.001
222|533.001
223|555.001
224|88.001
225|279.001
226|555.001
227|733.001
228|815.001
229|811.001
230|235.001
231|147.001
232|896.001
233|21.001
234|913.001
235|41.001
236|573.001
237|730.001
238|301.001
239|191.001
240|732.001
241|730.001
242|546.001
243|746.001
244|566.001
245|829.001
246|816.001
247|408.001
248|736.001
249|281.001
250|960.001
251|658.001
252|636.001
253|256.001
254|325.001
255|167.001
256|377.001
257|235.001
258|996.001
259|781.001
260|469.001
261|369.001
262|967.001
263|296.001
264|21.001
265|926.001
266|300.001
267|617.001
268|603.001
269|113.001
270|163.001
271|41.001
272|941.001
273|136.001
274|219.001
275|363.001
276|585.001
277|533.001
278|209.001
279|287.001
280|975.001
281|149.001
282|238.001
283|31.001
284|981.001
285|150.001
286|113.001
287|566.001
288|766.001
289|521.001
290|831.001
291|643.001
292|766.001
293|404.001
294|36.001
295|953.001
296|863.001
297|816.001
298|373.001
299|617.001
300|54.001
301|54.001
302|793.001
303|623.001
304|44.001
305|354.001
306|951.001
307|764.001
308|330.001
309|232.001
310|831.001
311|439.001
312|393.001
313|460.001
314|360.001
315|848.001
316|833.001
317|693.001
318|308.001
319|451.001
320|79.001
321|466.001
322|741.001
323|425.001
324|120.001
325|642.001
326|208.001
327|21.001
328|368.001
329|762.001
330|165.001
331|774.001
332|328.001
333|263.001
334|109.001
335|259.001
336|840.001
337|823.001
338|60.001
339|181.001
340|655.001
341|191.001
342|398.001
343|676.001
344|894.001
345|645.001
346|902.001
347|681.001
348|416.001
349|393.001
350|786.001
351|647.001
352|471.001
353|80.001
354|797.001
355|738.001
356|938.001
357|22.001
358|968.001
359|626.001
360|239.001
361|373.001
362|731.001
363|933.001
364|583.001
365|607.001
366|269.001
367|355.001
368|503.001
369|882.001
370|818.001
371|794.001
372|542.001
373|633.001
374|689.001
375|956.001
376|593.001
377|344.001
378|254.001
379|649.001
380|790.001
381|626.001
382|901.001
383|953.001
384|772.001
385|477.001
386|77.001
387|125.001
388|269.001
389|137.001
390|782.001
391|98.001
392|407.001
393|841.001
394|76.001
395|937.001
396|685.001
397|53.001
398|645.001
399|614.001
400|193.001
401|583.001
402|156.001
403|386.001
404|471.001
405|373.001
406|633.001
407|258.001
408|501.001
409|629.001
410|694.001
411|777.001
412|101.001
413|228.001
414|168.001
415|124.001
416|774.001
417|257.001
418|282.001
419|135.001
420|91.001
421|477.001
422|627.001
423|815.001
424|552.001
425|496.001
426|88.001
427|679.001
428|49.001
429|994.001
430|476.001
431|810.001
432|74.001
433|868.001
434|614.001
435|369.001
436|205.001
437|268.001
438|965.001
439|693.001
440|528.001
441|786.001
442|522.001
443|505.001
444|769.001
445|876.001
446|873.001
447|163.001
448|560.001
449|602.001
450|78.001
451|50.001
452|435.001
453|222.001
454|669.001
455|521.001
456|742.001
457|395.001
458|100.001
459|342.001
460|142.001
461|456.001
462|593.001
463|828.001
464|244.001
465|552.001
466|253.001
467|422.001
468|233.001
469|46.001
470|71.001
471|895.001
472|166.001
473|805.001
474|244.001
475|331.001
476|109.001
477|304.001
478|960.001
479|338.001
480|933.001
481|225.001
482|394.001
483|640.001
484|899.001
485|95.001
486|146.001
487|375.001
488|732.001
489|690.001
490|334.001
491|333.001
492|578.001
493|751.001
494|999.001
495|990.001
496|213.001
497|85.001
498|132.001
499|366.001
500|262.001
501|430.001
502|587.001
503|886.001
504|110.001
505|58.001
506|543.001
507|255.001
508|674.001
509|410.001
510|658.001
511|67.001
512|319.001
513|143.001
514|715.001
515|250.001
516|716.001
517|704.001
518|845.001
519|805.001
520|976.001
521|478.001
522|65.001
523|779.001
524|41.001
525|846.001
526|672.001
527|422.001
528|838.001
529|712.001
530|252.001
531|477.001
532|262.001
533|768.001
534|777.001
535|891.001
536|756.001
537|433.001
538|785.001
539|359.001
540|881.001
541|615.001
542|265.001
543|382.001
544|243.001
545|926.001
546|876.001
547|310.001
548|972.001
549|374.001
550|852.001
551|862.001
552|491.001
553|558.001
554|566.001
555|978.001
556|588.001
557|771.001
558|512.001
559|860.001
560|56.001
561|794.001
562|795.001
563|950.001
564|93.001
565|396.001
566|107.001
567|540.001
568|918.001
569|542.001
570|925.001
571|922.001
572|707.001
573|712.001
574|617.001
575|122.001
576|253.001
577|587.001
578|70.001
579|901.001
580|979.001
581|508.001
582|731.001
583|376.001
584|82.001
585|563.001
586|316.001
587|921.001
588|635.001
589|498.001
590|46.001
591|748.001
592|121.001
593|120.001
594|963.001
595|539.001
596|965.001
597|42.001
598|432.001
599|364.001
600|612.001
601|229.001
602|929.001
603|156.001
604|934.001
605|318.001
606|312.001
607|458.001
608|134.001
609|524.001
610|908.001
611|411.001
612|759.001
613|907.001
614|174.001
615|48.001
616|168.001
617|549.001
618|418.001
619|998.001
620|990.001
621|434.001
622|413.001
623|785.001
624|688.001
625|64.001
626|704.001
627|846.001
628|811.001
629|79.001
630|477.001
631|593.001
632|232.001
633|476.001
634|889.001
635|354.001
636|548.001
637|476.001
638|112.001
639|767.001
640|991.001
641|47.001
642|436.001
643|544.001
644|580.001
645|692.001
646|285.001
647|968.001
648|253.001
649|2.001
650|98.001
651|74.001
652|264.001
653|233.001
654|165.001
655|610.001
656|226.001
657|14.001
658|483.001
659|482.001
660|598.001
661|447.001
662|763.001
663|194.001
664|434.001
665|328.001
666|180.001
667|758.001
668|659.001
669|451.001
670|260.001
671|211.001
672|34.001
673|477.001
674|925.001
675|485.001
676|361.001
677|557.001
678|123.001
679|825.001
680|878.001
681|52.001
682|86.001
683|697.001
684|250.001
685|345.001
686|304.001
687|941.001
688|224.001
689|23.001
690|819.001
691|23.001
692|573.001
693|738.001
694|849.001
695|3.001
696|702.001
697|39.001
698|389.001
699|607.001
700|660.001
701|409.001
702|926.001
703|525.001
704|259.001
705|725.001
706|31.001
707|793.001
708|950.001
709|625.001
710|862.001
711|210.001
712|901.001
713|345.001
714|251.001
715|29.001
716|963.001
717|121.001
718|368.001
719|518.001
720|597.001
721|729.001
722|712.001
723|454.001
724|12.001
725|248.001
726|717.001
727|643.001
728|98.001
729|975.001
730|122.001
731|258.001
732|571.001
733|715.001
734|541.001
735|263.001
736|27.001
737|535.001
738|242.001
739|222.001
740|926.001
741|776.001
742|3.001
743|687.001
744|228.001
745|479.001
746|884.001
747|670.001
748|323.001
749|359.001
750|77.001
751|189.001
752|374.001
753|117.001
754|741.001
755|708.001
756|556.001
757|982.001
758|76.001
759|926.001
760|855.001
761|675.001
762|319.001
763|822.001
764|787.001
765|518.001
766|606.001
767|286.001
768|666.001
769|956.001
770|939.001
771|260.001
772|267.001
773|166.001
774|46.001
775|696.001
776|814.001
777|363.001
778|273.001
779|346.001
780|21.001
781|275.001
782|782.001
783|337.001
784|761.001
785|280.001
786|138.001
787|491.001
788|125.001
789|865.001
790|575.001
791|931.001
792|627.001
793|306.001
794|637.001
795|363.001
796|682.001
797|479.001
798|494.001
799|732.001
800|17.001
801|284.001
802|327.001
803|349.001
804|516.001
805|551.001
806|266.001
807|766.001
808|880.001
809|488.001
810|163.001
811|166.001
812|966.001
813|897.001
814|534.001
815|847.001
816|398.001
817|80.001
818|571.001
819|176.001
820|625.001
821|17.001
822|234.001
823|15.001
824|723.001
825|9.001
826|237.001
827|612.001
828|103.001
829|450.001
830|854.001
831|106.001
832|404.001
833|119.001
834|444.001
835|296.001
836|383.001
837|688.001
838|793.001
839|285.001
840|752.001
841|470.001
842|483.001
843|792.001
844|466.001
845|826.001
846|161.001
847|950.001
848|931.001
849|74.001
850|212.001
851|903.001
852|829.001
853|28.001
854|984.001
855|185.001
856|52.001
857|50.001
858|973.001
859|957.001
860|428.001
861|665.001
862|118.001
863|533.001
864|582.001
865|420.001
866|177.001
867|467.001
868|257.001
869|587.001
870|827.001
871|431.001
872|365.001
873|893.001
874|333.001
875|243.001
876|482.001
877|525.001
878|146.001
879|27.001
880|771.001
881|938.001
882|894.001
883|293.001
884|46.001
885|563.001
886|455.001
887|391.001
888|397.001
889|347.001
890|391.001
891|226.001
892|592.001
893|187.001
894|955.001
895|980.001
896|341.001
897|773.001
898|565.001
899|666.001
900|852.001
901|174.001
902|552.001
903|460.001
904|737.001
905|604.001
906|855.001
907|939.001
908|468.001
909|720.001
910|785.001
911|589.001
912|283.001
913|153.001
914|468.001
915|288.001
916|727.001
917|44.001
918|293.001
919|31.001
920|263.001
921|805.001
922|630.001
923|500.001
924|41.001
925|261.001
926|588.001
927|374.001
928|303.001
929|438.001
930|35.001
931|118.001
932|522.001
933|751.001
934|970.001
935|704.001
936|247.001
937|831.001
938|752.001
939|741.001
940|353.001
941|825.001
942|41.001
943|631.001
944|829.001
945|653.001
946|8.001
947|725.001
948|293.001
949|915.001
950|281.001
951|109.001
952|649.001
953|618.001
954|813.001
955|866.001
956|706.001
957|796.001
958|613.001
959|431.001
960|605.001
961|264.001
962|588.001
963|18.001
964|205.001
965|329.001
966|388.001
967|465.001
968|484.001
969|335.001
970|645.001
971|462.001
972|118.001
973|594.001
974|634.001
975|712.001
976|898.001
977|717.001
978|304.001
979|725.001
980|813.001
981|864.001
982|223.001
983|608.001
984|297.001
985|967.001
986|165.001
987|67.001
988|378.001
989|911.001
990|509.001
991|881.001
992|829.001
993|986.001
994|959.001
995|71.001
996|771.001
997|591.001
998|910.001
999|605.001
