1|640.001
2|686.001
3|531.001
4|471.001
5|808.001
6|118.001
7|888.001
8|360.001
9|824.001
10|450.001
11|340.001
12|205.001
13|28.001
14|788.001
15|32.001
16|496.001
17|468.001
18|563.001
19|374.001
20|930.001
21|521.001
22|549.001
23|669.001
24|25.001
25|385.001
26|290.001
27|649.001
28|159.001
29|907.001
30|953.001
31|622.001
32|976.001
33|312.001
34|769.001
35|404.001
36|763.001
37|354.001
38|848.001
39|112.001
40|17.001
41|45.001
42|188.001
43|592.001
44|277.001
45|773.001
46|811.001
47|16.001
48|780.001
49|500.001
50|28.001
51|253.001
52|663.001
53|722.001
54|692.001
55|52.001
56|781.001
57|704.001
58|367.001
59|330.001
60|187.001
61|399.001
62|38.001
63|949.001
64|445.001
65|79.001
66|531.001
67|330.001
68|53.001
69|779.001
70|229.001
71|968.001
72|200.001
73|284.001
74|214.001
75|265.001
76|687.001
77|815.001
78|605.001
79|417.001
80|369.001
81|975.001
82|132.001
83|357.001
84|218.001
85|994.001
86|182.001
87|861.001
88|624.001
89|461.001
90|501.001
91|321.001
92|993.001
93|545.001
94|856.001
95|280.001
96|663.001
97|856.001
98|594.001
99|473.001
100|525.001
101|124.001
102|173.001
103|859.001
104|848.001
105|606.001
106|363.001
107|128.001
108|924.001
109|130.001
110|200.001
111|577.001
112|970.001
113|583.001
114|472.001
115|752.001
116|129.001
117|84.001
118|590.001
119|359.001
120|573.001
121|159.001
122|442.001
123|936.001
124|952.001
125|923.001
126|567.001
127|258.001
128|113.001
129|118.001
130|941.001
131|735.001
132|511.001
133|496.001
134|672.001
135|547.001
136|301.001
137|503.001
138|765.001
139|796.001
140|801.001
141|224.001
142|395.001
143|906.001
144|63.001
145|846.001
146|319.001
147|374.001
148|501.001
149|673.001
150|743.001
151|547.001
152|102.001
153|869.001
154|361.001
155|945.001
156|787.001
157|909.001
158|273.001
159|586.001
160|197.001
161|811.001
162|735.001
163|818.001
164|774.001
165|387.001
166|13.001
167|1.001
168|358.001
169|355.001
170|845.001
171|847.001
172|85.001
173|99.001
174|631.001
175|126.001
176|663.001
177|149.001
178|697.001
179|865.001
180|932.001
181|301.001
182|973.001
183|67.001
184|536.001
185|512.001
186|529.001
187|496.001
188|773.001
189|234.001
190|202.001
191|208.001
192|229.001
193|520.001
194|582.001
195|145.001
196|544.001
197|366.001
198|413.001
199|310.001
200|560.001
201|487.001
202|103.001
203|211.001
204|133.001
205|357.001
206|27.001
207|204.001
208|741.001
209|147.001
210|73.001
211|239.001
212|432.001
213|230.001
214|898.001
215|274.001
216|839.001
217|748.001
218|251.001
219|446.001
220|212.001
221|454.001
222|995.001
223|959.001
224|923.001
225|522.001
226|440.001
227|968.001
228|514.001
229|632.001
230|812.001
231|446.001
232|960.001
233|971.001
234|806.001
235|51.001
236|8.001
237|460.001
238|516.001
239|935.001
240|694.001
241|986.001
242|535.001
243|105.001
244|502.001
245|733.001
246|134.001
247|103.001
248|948.001
249|823.001
250|479.001
251|0.001
252|166.001
253|529.001
254|298.001
255|158.001
256|407.001
257|91.001
258|207.001
259|233.001
260|625.001
261|972.001
262|721.001
263|631.001
264|891.001
265|732.001
266|337.001
267|295.001
268|417.001
269|666.001
270|661.001
271|166.001
272|471.001
273|181.001
274|593.001
275|488.001
276|805.001
277|804.001
278|295.001
279|28.001
280|854.001
281|259.001
282|293.001
283|207.001
284|783.001
285|984.001
286|151.001
287|694.001
288|231.001
289|453.001
290|24.001
291|298.001
292|547.001
293|96.001
294|956.001
295|867.001
296|638.001
297|97.001
298|338.001
299|453.001
300|174.001
301|390.001
302|544.001
303|562.001
304|382.001
305|472.001
306|548.001
307|444.001
308|390.001
309|847.001
310|70.001
311|753.001
312|432.001
313|919.001
314|923.001
315|363.001
316|41.001
317|871.001
318|75.001
319|827.001
320|72.001
321|41.001
322|99.001
323|447.001
324|339.001
325|129.001
326|668.001
327|79.001
328|263.001
329|360.001
330|636.001
331|199.001
332|189.001
333|647.001
334|699.001
335|343.001
336|724.001
337|828.001
338|481.001
339|951.001
340|677.001
341|622.001
342|109.001
343|98.001
344|327.001
345|25.001
346|272.001
347|500.001
348|426.001
349|773.001
350|778.001
351|451.001
352|745.001
353|927.001
354|493.001
355|490.001
356|223.001
357|556.001
358|169.001
359|72.001
360|464.001
361|11.001
362|133.001
363|958.001
364|91.001
365|278.001
366|571.001
367|216.001
368|607.001
369|771.001
370|910.001
371|30.001
372|614.001
373|420.001
374|496.001
375|668.001
376|510.001
377|754.001
378|60.001
379|823.001
380|420.001
381|685.001
382|489.001
383|834.001
384|649.001
385|945.001
386|193.001
387|605.001
388|518.001
389|25.001
390|858.001
391|258.001
392|182.001
393|683.001
394|138.001
395|812.001
396|53.001
397|99.001
398|508.001
399|581.001
400|275.001
401|795.001
402|99.001
403|887.001
404|276.001
405|681.001
406|666.001
407|964.001
408|403.001
409|10.001
410|892.001
411|975.001
412|488.001
413|689.001
414|913.001
415|52.001
416|584.001
417|509.001
418|112.001
419|854.001
420|314.001
421|149.001
422|82.001
423|299.001
424|328.001
425|248.001
426|529.001
427|874.001
428|233.001
429|585.001
430|248.001
431|148.001
432|972.001
433|504.001
434|162.001
435|503.001
436|207.001
437|314.001
438|313.001
439|315.001
440|804.001
441|320.001
442|388.001
443|668.001
444|716.001
445|283.001
446|179.001
447|558.001
448|738.001
449|207.001
450|248.001
451|785.001
452|55.001
453|472.001
454|76.001
455|74.001
456|843.001
457|111.001
458|719.001
459|886.001
460|693.001
461|456.001
462|889.001
463|704.001
464|465.001
465|466.001
466|60.001
467|944.001
468|493.001
469|467.001
470|45.001
471|159.001
472|997.001
473|656.001
474|323.001
475|858.001
476|132.001
477|648.001
478|162.001
479|218.001
480|858.001
481|459.001
482|54.001
483|276.001
484|884.001
485|212.001
486|531.001
487|359.001
488|793.001
489|445.001
490|21.001
491|946.001
492|319.001
493|341.001
494|392.001
495|254.001
496|394.001
497|176.001
498|695.001
499|182.001
500|278.001
501|603.001
502|138.001
503|868.001
504|426.001
505|331.001
506|856.001
507|404.001
508|107.001
509|417.001
510|214.001
511|382.001
512|332.001
513|219.001
514|104.001
515|45.001
516|159.001
517|192.001
518|182.001
519|881.001
520|341.001
521|981.001
522|213.001
523|444.001
524|276.001
525|635.001
526|908.001
527|24.001
528|577.001
529|212.001
530|580.001
531|865.001
532|509.001
533|272.001
534|463.001
535|578.001
536|801.001
537|642.001
538|526.001
539|968.001
540|676.001
541|102.001
542|891.001
543|814.001
544|804.001
545|137.001
546|132.001
547|996.001
548|938.001
549|420.001
550|999.001
551|248.001
552|574.001
553|898.001
554|556.001
555|48.001
556|480.001
557|702.001
558|693.001
559|294.001
560|145.001
561|340.001
562|361.001
563|659.001
564|849.001
565|574.001
566|477.001
567|526.001
568|820.001
569|182.001
570|270.001
571|248.001
572|225.001
573|641.001
574|962.001
575|546.001
576|606.001
577|759.001
578|154.001
579|206.001
580|740.001
581|281.001
582|513.001
583|383.001
584|24.001
585|987.001
586|857.001
587|114.001
588|90.001
589|960.001
590|349.001
591|469.001
592|394.001
593|222.001
594|898.001
595|976.001
596|515.001
597|627.001
598|62.001
599|682.001
600|463.001
601|252.001
602|330.001
603|425.001
604|452.001
605|856.001
606|14.001
607|78.001
608|175.001
609|131.001
610|996.001
611|272.001
612|918.001
613|956.001
614|424.001
615|165.001
616|240.001
617|275.001
618|408.001
619|849.001
620|217.001
621|295.001
622|984.001
623|605.001
624|593.001
625|746.001
626|670.001
627|7.001
628|791.001
629|677.001
630|466.001
631|960.001
632|752.001
633|416.001
634|47.001
635|100.001
636|148.001
637|691.001
638|330.001
639|297.001
640|762.001
641|516.001
642|393.001
643|649.001
644|229.001
645|625.001
646|439.001
647|7.001
648|423.001
649|233.001
650|816.001
651|278.001
652|74.001
653|321.001
654|656.001
655|994.001
656|529.001
657|153.001
658|531.001
659|614.001
660|285.001
661|169.001
662|979.001
663|126.001
664|948.001
665|277.001
666|850.001
667|366.001
668|279.001
669|519.001
670|323.001
671|238.001
672|594.001
673|922.001
674|8.001
675|874.001
676|941.001
677|489.001
678|326.001
679|402.001
680|220.001
681|335.001
682|858.001
683|657.001
684|583.001
685|526.001
686|924.001
687|346.001
688|756.001
689|584.001
690|145.001
691|821.001
692|350.001
693|769.001
694|876.001
695|512.001
696|809.001
697|996.001
698|629.001
699|9.001
700|835.001
701|373.001
702|3.001
703|713.001
704|893.001
705|940.001
706|533.001
707|485.001
708|915.001
709|586.001
710|817.001
711|647.001
712|272.001
713|326.001
714|193.001
715|867.001
716|490.001
717|838.001
718|725.001
719|559.001
720|807.001
721|500.001
722|956.001
723|895.001
724|720.001
725|721.001
726|706.001
727|400.001
728|238.001
729|308.001
730|120.001
731|511.001
732|585.001
733|159.001
734|394.001
735|62.001
736|827.001
737|139.001
738|810.001
739|735.001
740|349.001
741|805.001
742|616.001
743|210.001
744|708.001
745|848.001
746|435.001
747|59.001
748|425.001
749|108.001
750|160.001
751|709.001
752|697.001
753|386.001
754|911.001
755|853.001
756|862.001
757|979.001
758|698.001
759|830.001
760|290.001
761|173.001
762|889.001
763|357.001
764|600.001
765|392.001
766|383.001
767|170.001
768|775.001
769|94.001
770|977.001
771|873.001
772|330.001
773|568.001
774|936.001
775|28.001
776|597.001
777|410.001
778|256.001
779|125.001
780|57.001
781|512.001
782|572.001
783|577.001
784|821.001
785|932.001
786|546.001
787|577.001
788|113.001
789|663.001
790|933.001
791|190.001
792|18.001
793|267.001
794|105.001
795|109.001
796|896.001
797|299.001
798|946.001
799|297.001
800|376.001
801|0.001
802|358.001
803|838.001
804|112.001
805|557.001
806|642.001
807|997.001
808|288.001
809|805.001
810|515.001
811|347.001
812|93.001
813|29.001
814|398.001
815|501.001
816|469.001
817|787.001
818|153.001
819|987.001
820|133.001
821|453.001
822|580.001
823|824.001
824|937.001
825|660.001
826|445.001
827|373.001
828|122.001
829|847.001
830|475.001
831|764.001
832|760.001
833|864.001
834|156.001
835|942.001
836|755.001
837|671.001
838|80.001
839|709.001
840|98.001
841|471.001
842|442.001
843|464.001
844|456.001
845|583.001
846|228.001
847|947.001
848|923.001
849|698.001
850|987.001
851|857.001
852|980.001
853|134.001
854|909.001
855|454.001
856|527.001
857|315.001
858|293.001
859|216.001
860|290.001
861|854.001
862|793.001
863|696.001
864|433.001
865|572.001
866|191.001
867|924.001
868|480.001
869|312.001
870|321.001
871|897.001
872|508.001
873|525.001
874|120.001
875|296.001
876|362.001
877|583.001
878|736.001
879|643.001
880|57.001
881|388.001
882|232.001
883|22.001
884|290.001
885|434.001
886|587.001
887|687.001
888|310.001
889|320.001
890|516.001
891|697.001
892|461.001
893|702.001
894|720.001
895|729.001
896|523.001
897|621.001
898|511.001
899|352.001
900|357.001
901|87.001
902|115.001
903|884.001
904|965.001
905|963.001
906|146.001
907|649.001
908|621.001
909|785.001
910|870.001
911|362.001
912|503.001
913|262.001
914|771.001
915|208.001
916|752.001
917|373.001
918|896.001
919|35.001
920|568.001
921|751.001
922|958.001
923|943.001
924|991.001
925|656.001
926|960.001
927|787.001
928|263.001
929|325.001
930|510.001
931|215.001
932|968.001
933|430.001
934|463.001
935|116.001
936|406.001
937|824.001
938|338.001
939|352.001
940|720.001
941|11.001
942|794.001
943|937.001
944|3.001
945|400.001
946|546.001
947|286.001
948|437.001
949|526.001
950|119.001
951|236.001
952|94.001
953|630.001
954|349.001
955|35.001
956|279.001
957|838.001
958|471.001
959|903.001
960|178.001
961|301.001
962|606.001
963|366.001
964|774.001
965|146.001
966|817.001
967|10.001
968|994.001
969|914.001
970|426.001
971|376.001
972|347.001
973|539.001
974|104.001
975|241.001
976|734.001
977|917.001
978|176.001
979|846.001
980|938.001
981|515.001
982|195.001
983|446.001
984|425.001
985|179.001
986|704.001
987|164.001
988|119.001
989|629.001
990|527.001
991|329.001
992|890.001
993|390.001
994|861.001
995|447.001
996|222.001
997|989.001
998|50.001
999|286.001
