1|46.001
2|821.001
3|110.001
4|553.001
5|234.001
6|1.001
7|624.001
8|483.001
9|988.001
10|170.001
11|160.001
12|877.001
13|640.001
14|576.001
15|40.001
16|560.001
17|379.001
18|0.001
19|691.001
20|238.001
21|476.001
22|616.001
23|509.001
24|903.001
25|320.001
26|904.001
27|771.001
28|63.001
29|612.001
30|659.001
31|700.001
32|711.001
33|950.001
34|903.001
35|159.001
36|388.001
37|827.001
38|240.001
39|447.001
40|636.001
41|986.001
42|418.001
43|1.001
44|586.001
45|573.001
46|823.001
47|800.001
48|345.001
49|230.001
50|795.001
51|936.001
52|149.001
53|734.001
54|789.001
55|160.001
56|80.001
57|911.001
58|869.001
59|744.001
60|206.001
61|48.001
62|977.001
63|903.001
64|612.001
65|703.001
66|234.001
67|925.001
68|181.001
69|993.001
70|542.001
71|149.001
72|550.001
73|974.001
74|29.001
75|951.001
76|976.001
77|707.001
78|633.001
79|5.001
80|852.001
81|323.001
82|690.001
83|908.001
84|967.001
85|688.001
86|433.001
87|952.001
88|114.001
89|961.001
90|621.001
91|695.001
92|254.001
93|904.001
94|501.001
95|782.001
96|423.001
97|725.001
98|341.001
99|737.001
100|230.001
101|111.001
102|847.001
103|338.001
104|798.001
105|786.001
106|587.001
107|438.001
108|641.001
109|413.001
110|261.001
111|839.001
112|498.001
113|329.001
114|76.001
115|436.001
116|350.001
117|922.001
118|535.001
119|803.001
120|950.001
121|198.001
122|504.001
123|238.001
124|154.001
125|273.001
126|179.001
127|504.001
128|339.001
129|292.001
130|879.001
131|111.001
132|332.001
133|71.001
134|351.001
135|786.001
136|821.001
137|533.001
138|135.001
139|399.001
140|821.001
141|610.001
142|61.001
143|905.001
144|407.001
145|919.001
146|147.001
147|466.001
148|251.001
149|81.001
150|167.001
151|79.001
152|481.001
153|251.001
154|855.001
155|521.001
156|750.001
157|249.001
158|932.001
159|534.001
160|138.001
161|713.001
162|188.001
163|417.001
164|800.001
165|341.001
166|138.001
167|301.001
168|858.001
169|270.001
170|526.001
171|267.001
172|750.001
173|634.001
174|612.001
175|235.001
176|916.001
177|115.001
178|973.001
179|126.001
180|186.001
181|189.001
182|767.001
183|726.001
184|145.001
185|130.001
186|83.001
187|788.001
188|576.001
189|969.001
190|869.001
191|646.001
192|763.001
193|356.001
194|647.001
195|425.001
196|659.001
197|222.001
198|160.001
199|618.001
200|428.001
201|997.001
202|338.001
203|791.001
204|828.001
205|410.001
206|505.001
207|569.001
208|529.001
209|986.001
210|486.001
211|399.001
212|0.001
213|218.001
214|937.001
215|172.001
216|174.001
217|711.001
218|973.001
219|525.001
220|112.001
221|467.001
222|152.001
223|158.001
224|463.001
225|569.001
226|145.001
227|825.001
228|236.001
229|122.001
230|257.001
231|405.001
232|850.001
233|394.001
234|685.001
235|552.001
236|141.001
237|82.001
238|770.001
239|128.001
240|2.001
241|315.001
242|495.001
243|208.001
244|108.001
245|50.001
246|487.001
247|758.001
248|943.001
249|92.001
250|565.001
251|956.001
252|900.001
253|434.001
254|822.001
255|673.001
256|21.001
257|44.001
258|274.001
259|266.001
260|381.001
261|866.001
262|616.001
263|829.001
264|921.001
265|150.001
266|579.001
267|234.001
268|36.001
269|502.001
270|83.001
271|852.001
272|267.001
273|652.001
274|4.001
275|780.001
276|616.001
277|825.001
278|870.001
279|505.001
280|522.001
281|885.001
282|256.001
283|662.001
284|641.001
285|52.001
286|833.001
287|976.001
288|842.001
289|323.001
290|730.001
291|515.001
292|498.001
293|997.001
294|893.001
295|479.001
296|287.001
297|551.001
298|966.001
299|783.001
300|100.001
301|945.001
302|987.001
303|922.001
304|275.001
305|132.001
306|226.001
307|377.001
308|463.001
309|670.001
310|50.001
311|86.001
312|750.001
313|452.001
314|934.001
315|844.001
316|318.001
317|534.001
318|835.001
319|584.001
320|67.001
321|828.001
322|904.001
323|8.001
324|570.001
325|915.001
326|25.001
327|5.001
328|173.001
329|816.001
330|886.001
331|383.001
332|772.001
333|332.001
334|986.001
335|371.001
336|476.001
337|73.001
338|592.001
339|968.001
340|419.001
341|579.001
342|950.001
343|7.001
344|117.001
345|38.001
346|157.001
347|142.001
348|285.001
349|108.001
350|810.001
351|773.001
352|335.001
353|827.001
354|932.001
355|822.001
356|189.001
357|798.001
358|252.001
359|967.001
360|456.001
361|29.001
362|229.001
363|248.001
364|337.001
365|450.001
366|662.001
367|35.001
368|418.001
369|319.001
370|818.001
371|315.001
372|637.001
373|841.001
374|730.001
375|117.001
376|231.001
377|108.001
378|138.001
379|192.001
380|196.001
381|170.001
382|869.001
383|33.001
384|807.001
385|623.001
386|928.001
387|432.001
388|415.001
389|755.001
390|840.001
391|630.001
392|596.001
393|308.001
394|510.001
395|115.001
396|737.001
397|148.001
398|253.001
399|222.001
400|7.001
401|69.001
402|872.001
403|990.001
404|539.001
405|781.001
406|883.001
407|491.001
408|671.001
409|347.001
410|868.001
411|64.001
412|48.001
413|389.001
414|216.001
415|223.001
416|837.001
417|372.001
418|186.001
419|904.001
420|584.001
421|22.001
422|116.001
423|709.001
424|653.001
425|940.001
426|356.001
427|540.001
428|632.001
429|369.001
430|217.001
431|161.001
432|545.001
433|518.001
434|904.001
435|444.001
436|760.001
437|822.001
438|465.001
439|596.001
440|231.001
441|710.001
442|372.001
443|348.001
444|951.001
445|673.001
446|790.001
447|946.001
448|664.001
449|989.001
450|841.001
451|951.001
452|550.001
453|286.001
454|145.001
455|732.001
456|290.001
457|704.001
458|248.001
459|665.001
460|605.001
461|679.001
462|562.001
463|114.001
464|583.001
465|287.001
466|63.001
467|273.001
468|804.001
469|887.001
470|640.001
471|986.001
472|862.001
473|989.001
474|188.001
475|17.001
476|376.001
477|423.001
478|580.001
479|539.001
480|558.001
481|53.001
482|808.001
483|640.001
484|149.001
485|255.001
486|231.001
487|445.001
488|313.001
489|332.001
490|514.001
491|854.001
492|822.001
493|96.001
494|887.001
495|309.001
496|190.001
497|644.001
498|129.001
499|90.001
500|348.001
501|351.001
502|112.001
503|212.001
504|741.001
505|886.001
506|415.001
507|884.001
508|21.001
509|443.001
510|678.001
511|711.001
512|774.001
513|828.001
514|350.001
515|298.001
516|506.001
517|701.001
518|327.001
519|55.001
520|1.001
521|411.001
522|142.001
523|191.001
524|195.001
525|352.001
526|989.001
527|721.001
528|604.001
529|564.001
530|281.001
531|558.001
532|229.001
533|581.001
534|705.001
535|404.001
536|228.001
537|185.001
538|400.001
539|89.001
540|397.001
541|192.001
542|832.001
543|416.001
544|252.001
545|867.001
546|961.001
547|841.001
548|169.001
549|824.001
550|34.001
551|991.001
552|831.001
553|184.001
554|962.001
555|352.001
556|9.001
557|457.001
558|76.001
559|403.001
560|961.001
561|637.001
562|434.001
563|669.001
564|118.001
565|880.001
566|526.001
567|79.001
568|240.001
569|73.001
570|395.001
571|931.001
572|192.001
573|917.001
574|469.001
575|289.001
576|238.001
577|158.001
578|677.001
579|895.001
580|140.001
581|219.001
582|291.001
583|19.001
584|871.001
585|651.001
586|168.001
587|111.001
588|501.001
589|414.001
590|475.001
591|693.001
592|738.001
593|200.001
594|4.001
595|7.001
596|796.001
597|542.001
598|847.001
599|492.001
600|429.001
601|699.001
602|442.001
603|157.001
604|547.001
605|382.001
606|803.001
607|970.001
608|987.001
609|999.001
610|478.001
611|212.001
612|464.001
613|967.001
614|970.001
615|413.001
616|756.001
617|20.001
618|51.001
619|160.001
620|620.001
621|195.001
622|169.001
623|947.001
624|638.001
625|430.001
626|446.001
627|695.001
628|989.001
629|145.001
630|644.001
631|824.001
632|626.001
633|591.001
634|356.001
635|668.001
636|126.001
637|66.001
638|660.001
639|859.001
640|380.001
641|640.001
642|538.001
643|588.001
644|219.001
645|879.001
646|603.001
647|811.001
648|454.001
649|487.001
650|805.001
651|176.001
652|360.001
653|963.001
654|519.001
655|62.001
656|934.001
657|43.001
658|956.001
659|824.001
660|365.001
661|711.001
662|960.001
663|708.001
664|215.001
665|140.001
666|517.001
667|562.001
668|113.001
669|433.001
670|61.001
671|267.001
672|151.001
673|735.001
674|637.001
675|493.001
676|591.001
677|80.001
678|878.001
679|211.001
680|837.001
681|512.001
682|185.001
683|124.001
684|713.001
685|902.001
686|982.001
687|536.001
688|244.001
689|765.001
690|466.001
691|79.001
692|970.001
693|299.001
694|237.001
695|422.001
696|934.001
697|838.001
698|105.001
699|506.001
700|895.001
701|152.001
702|843.001
703|447.001
704|240.001
705|362.001
706|370.001
707|292.001
708|736.001
709|607.001
710|24.001
711|102.001
712|632.001
713|978.001
714|675.001
715|702.001
716|504.001
717|240.001
718|758.001
719|971.001
720|676.001
721|137.001
722|205.001
723|163.001
724|906.001
725|982.001
726|270.001
727|199.001
728|996.001
729|337.001
730|158.001
731|806.001
732|392.001
733|786.001
734|700.001
735|709.001
736|133.001
737|854.001
738|761.001
739|977.001
740|807.001
741|188.001
742|867.001
743|126.001
744|605.001
745|85.001
746|720.001
747|188.001
748|516.001
749|242.001
750|573.001
751|67.001
752|257.001
753|739.001
754|875.001
755|226.001
756|640.001
757|304.001
758|583.001
759|72.001
760|592.001
761|808.001
762|286.001
763|7.001
764|212.001
765|256.001
766|820.001
767|329.001
768|374.001
769|77.001
770|231.001
771|214.001
772|214.001
773|624.001
774|252.001
775|203.001
776|995.001
777|621.001
778|390.001
779|224.001
780|924.001
781|332.001
782|560.001
783|400.001
784|892.001
785|728.001
786|772.001
787|332.001
788|959.001
789|897.001
790|768.001
791|132.001
792|588.001
793|125.001
794|336.001
795|899.001
796|87.001
797|823.001
798|593.001
799|702.001
800|252.001
801|285.001
802|853.001
803|552.001
804|399.001
805|634.001
806|189.001
807|287.001
808|813.001
809|358.001
810|41.001
811|603.001
812|414.001
813|80.001
814|402.001
815|423.001
816|723.001
817|471.001
818|915.001
819|694.001
820|509.001
821|478.001
822|521.001
823|268.001
824|383.001
825|814.001
826|399.001
827|304.001
828|775.001
829|903.001
830|715.001
831|641.001
832|483.001
833|937.001
834|622.001
835|374.001
836|92.001
837|653.001
838|655.001
839|644.001
840|583.001
841|486.001
842|458.001
843|64.001
844|163.001
845|224.001
846|358.001
847|460.001
848|422.001
849|250.001
850|599.001
851|838.001
852|217.001
853|823.001
854|231.001
855|849.001
856|433.001
857|661.001
858|68.001
859|127.001
860|885.001
861|942.001
862|877.001
863|311.001
864|812.001
865|337.001
866|939.001
867|503.001
868|140.001
869|603.001
870|919.001
871|660.001
872|572.001
873|336.001
874|683.001
875|955.001
876|939.001
877|855.001
878|32.001
879|832.001
880|479.001
881|363.001
882|654.001
883|735.001
884|318.001
885|856.001
886|728.001
887|206.001
888|439.001
889|897.001
890|696.001
891|302.001
892|564.001
893|503.001
894|478.001
895|69.001
896|126.001
897|145.001
898|491.001
899|952.001
900|55.001
901|384.001
902|46.001
903|30.001
904|319.001
905|108.001
906|521.001
907|907.001
908|42.001
909|244.001
910|581.001
911|409.001
912|240.001
913|382.001
914|333.001
915|641.001
916|909.001
917|985.001
918|872.001
919|658.001
920|693.001
921|752.001
922|366.001
923|441.001
924|700.001
925|266.001
926|19.001
927|477.001
928|238.001
929|261.001
930|673.001
931|203.001
932|155.001
933|496.001
934|197.001
935|150.001
936|585.001
937|399.001
938|330.001
939|708.001
940|837.001
941|700.001
942|808.001
943|124.001
944|761.001
945|277.001
946|747.001
947|228.001
948|611.001
949|892.001
950|974.001
951|1.001
952|165.001
953|486.001
954|765.001
955|168.001
956|911.001
957|12.001
958|349.001
959|472.001
960|32.001
961|741.001
962|581.001
963|314.001
964|745.001
965|264.001
966|972.001
967|5.001
968|646.001
969|228.001
970|127.001
971|225.001
972|214.001
973|822.001
974|342.001
975|947.001
976|220.001
977|460.001
978|613.001
979|621.001
980|937.001
981|939.001
982|349.001
983|561.001
984|678.001
985|576.001
986|390.001
987|408.001
988|288.001
989|546.001
990|527.001
991|796.001
992|315.001
993|664.001
994|590.001
995|683.001
996|996.001
997|390.001
998|968.001
999|833.001
