1|694.001
2|805.001
3|809.001
4|332.001
5|759.001
6|186.001
7|838.001
8|18.001
9|192.001
10|530.001
11|355.001
12|500.001
13|337.001
14|756.001
15|133.001
16|709.001
17|461.001
18|384.001
19|544.001
20|48.001
21|835.001
22|858.001
23|747.001
24|127.001
25|616.001
26|313.001
27|961.001
28|179.001
29|157.001
30|440.001
31|339.001
32|489.001
33|157.001
34|758.001
35|765.001
36|934.001
37|870.001
38|578.001
39|223.001
40|768.001
41|198.001
42|486.001
43|574.001
44|942.001
45|886.001
46|22.001
47|702.001
48|63.001
49|739.001
50|972.001
51|337.001
52|166.001
53|812.001
54|884.001
55|499.001
56|703.001
57|349.001
58|582.001
59|121.001
60|890.001
61|28.001
62|461.001
63|448.001
64|619.001
65|69.001
66|624.001
67|797.001
68|652.001
69|135.001
70|521.001
71|709.001
72|167.001
73|304.001
74|550.001
75|937.001
76|24.001
77|315.001
78|397.001
79|889.001
80|229.001
81|881.001
82|738.001
83|737.001
84|170.001
85|845.001
86|175.001
87|84.001
88|222.001
89|776.001
90|179.001
91|758.001
92|476.001
93|795.001
94|193.001
95|482.001
96|306.001
97|960.001
98|508.001
99|882.001
100|156.001
101|356.001
102|221.001
103|603.001
104|644.001
105|670.001
106|797.001
107|470.001
108|266.001
109|0.001
110|31.001
111|162.001
112|395.001
113|60.001
114|649.001
115|759.001
116|935.001
117|878.001
118|208.001
119|343.001
120|530.001
121|151.001
122|166.001
123|265.001
124|707.001
125|74.001
126|420.001
127|89.001
128|937.001
129|291.001
130|424.001
131|584.001
132|843.001
133|254.001
134|956.001
135|316.001
136|858.001
137|283.001
138|935.001
139|503.001
140|770.001
141|137.001
142|991.001
143|693.001
144|520.001
145|501.001
146|556.001
147|575.001
148|727.001
149|197.001
150|130.001
151|91.001
152|545.001
153|48.001
154|320.001
155|528.001
156|573.001
157|434.001
158|889.001
159|522.001
160|239.001
161|337.001
162|790.001
163|101.001
164|691.001
165|142.001
166|78.001
167|43.001
168|360.001
169|182.001
170|269.001
171|451.001
172|200.001
173|335.001
174|85.001
175|664.001
176|741.001
177|87.001
178|49.001
179|461.001
180|638.001
181|688.001
182|762.001
183|110.001
184|186.001
185|821.001
186|373.001
187|224.001
188|916.001
189|942.001
190|70.001
191|275.001
192|67.001
193|228.001
194|858.001
195|506.001
196|601.001
197|783.001
198|881.001
199|283.001
200|79.001
201|595.001
202|170.001
203|984.001
204|338.001
205|683.001
206|846.001
207|621.001
208|262.001
209|974.001
210|971.001
211|181.001
212|631.001
213|688.001
214|578.001
215|200.001
216|977.001
217|334.001
218|797.001
219|277.001
220|253.001
221|623.001
222|707.001
223|929.001
224|312.001
225|330.001
226|585.001
227|994.001
228|678.001
229|829.001
230|189.001
231|400.001
232|58.001
233|551.001
234|473.001
235|70.001
236|722.001
237|373.001
238|231.001
239|604.001
240|712.001
241|74.001
242|592.001
243|517.001
244|861.001
245|439.001
246|430.001
247|79.001
248|826.001
249|769.001
250|497.001
251|775.001
252|850.001
253|201.001
254|511.001
255|834.001
256|703.001
257|727.001
258|40.001
259|103.001
260|782.001
261|548.001
262|586.001
263|733.001
264|769.001
265|871.001
266|356.001
267|45.001
268|876.001
269|592.001
270|461.001
271|549.001
272|360.001
273|769.001
274|726.001
275|186.001
276|386.001
277|592.001
278|721.001
279|8.001
280|381.001
281|250.001
282|800.001
283|670.001
284|366.001
285|710.001
286|50.001
287|196.001
288|73.001
289|982.001
290|643.001
291|842.001
292|671.001
293|239.001
294|922.001
295|667.001
296|701.001
297|345.001
298|186.001
299|657.001
300|943.001
301|380.001
302|441.001
303|350.001
304|219.001
305|443.001
306|240.001
307|754.001
308|187.001
309|644.001
310|643.001
311|361.001
312|14.001
313|870.001
314|14.001
315|572.001
316|724.001
317|522.001
318|226.001
319|455.001
320|435.001
321|23.001
322|233.001
323|681.001
324|559.001
325|794.001
326|282.001
327|729.001
328|901.001
329|331.001
330|244.001
331|187.001
332|692.001
333|175.001
334|614.001
335|1.001
336|958.001
337|896.001
338|440.001
339|76.001
340|391.001
341|900.001
342|243.001
343|487.001
344|398.001
345|319.001
346|633.001
347|511.001
348|96.001
349|152.001
350|959.001
351|73.001
352|489.001
353|159.001
354|418.001
355|104.001
356|533.001
357|359.001
358|328.001
359|579.001
360|478.001
361|770.001
362|268.001
363|187.001
364|747.001
365|636.001
366|854.001
367|95.001
368|326.001
369|97.001
370|985.001
371|826.001
372|77.001
373|19.001
374|990.001
375|596.001
376|706.001
377|278.001
378|706.001
379|843.001
380|774.001
381|296.001
382|374.001
383|511.001
384|154.001
385|69.001
386|608.001
387|450.001
388|937.001
389|81.001
390|358.001
391|442.001
392|18.001
393|767.001
394|780.001
395|751.001
396|643.001
397|29.001
398|806.001
399|995.001
400|867.001
401|856.001
402|329.001
403|462.001
404|353.001
405|689.001
406|486.001
407|349.001
408|226.001
409|983.001
410|691.001
411|912.001
412|808.001
413|656.001
414|73.001
415|530.001
416|725.001
417|249.001
418|580.001
419|960.001
420|482.001
421|7.001
422|448.001
423|867.001
424|393.001
425|621.001
426|395.001
427|358.001
428|334.001
429|556.001
430|102.001
431|245.001
432|823.001
433|846.001
434|352.001
435|998.001
436|849.001
437|408.001
438|419.001
439|581.001
440|901.001
441|567.001
442|587.001
443|583.001
444|853.001
445|75.001
446|855.001
447|136.001
448|677.001
449|136.001
450|847.001
451|307.001
452|734.001
453|316.001
454|674.001
455|333.001
456|654.001
457|261.001
458|528.001
459|273.001
460|436.001
461|841.001
462|320.001
463|899.001
464|508.001
465|504.001
466|402.001
467|400.001
468|958.001
469|881.001
470|715.001
471|966.001
472|544.001
473|863.001
474|611.001
475|725.001
476|310.001
477|853.001
478|415.001
479|812.001
480|23.001
481|735.001
482|669.001
483|262.001
484|643.001
485|620.001
486|831.001
487|955.001
488|604.001
489|515.001
490|381.001
491|556.001
492|903.001
493|898.001
494|424.001
495|557.001
496|311.001
497|170.001
498|926.001
499|354.001
500|343.001
501|37.001
502|175.001
503|864.001
504|592.001
505|376.001
506|568.001
507|664.001
508|367.001
509|21.001
510|616.001
511|878.001
512|288.001
513|819.001
514|481.001
515|896.001
516|832.001
517|964.001
518|688.001
519|506.001
520|534.001
521|939.001
522|221.001
523|476.001
524|861.001
525|588.001
526|254.001
527|459.001
528|467.001
529|999.001
530|377.001
531|867.001
532|397.001
533|874.001
534|294.001
535|625.001
536|457.001
537|538.001
538|101.001
539|984.001
540|257.001
541|792.001
542|670.001
543|635.001
544|919.001
545|912.001
546|542.001
547|592.001
548|905.001
549|931.001
550|707.001
551|10.001
552|441.001
553|588.001
554|201.001
555|141.001
556|243.001
557|299.001
558|924.001
559|777.001
560|105.001
561|797.001
562|205.001
563|309.001
564|749.001
565|343.001
566|589.001
567|231.001
568|655.001
569|126.001
570|287.001
571|715.001
572|436.001
573|360.001
574|401.001
575|362.001
576|9.001
577|840.001
578|917.001
579|77.001
580|20.001
581|159.001
582|343.001
583|629.001
584|920.001
585|6.001
586|484.001
587|38.001
588|284.001
589|401.001
590|580.001
591|473.001
592|172.001
593|680.001
594|94.001
595|509.001
596|857.001
597|22.001
598|431.001
599|187.001
600|314.001
601|388.001
602|663.001
603|422.001
604|483.001
605|867.001
606|967.001
607|569.001
608|120.001
609|106.001
610|808.001
611|815.001
612|975.001
613|181.001
614|353.001
615|138.001
616|279.001
617|763.001
618|369.001
619|11.001
620|558.001
621|930.001
622|46.001
623|116.001
624|879.001
625|41.001
626|349.001
627|81.001
628|877.001
629|806.001
630|603.001
631|310.001
632|493.001
633|956.001
634|464.001
635|635.001
636|237.001
637|968.001
638|358.001
639|91.001
640|489.001
641|959.001
642|351.001
643|298.001
644|400.001
645|888.001
646|170.001
647|118.001
648|587.001
649|78.001
650|542.001
651|666.001
652|505.001
653|677.001
654|870.001
655|261.001
656|509.001
657|664.001
658|974.001
659|876.001
660|886.001
661|955.001
662|231.001
663|214.001
664|594.001
665|909.001
666|821.001
667|984.001
668|958.001
669|415.001
670|742.001
671|354.001
672|200.001
673|845.001
674|320.001
675|286.001
676|39.001
677|305.001
678|337.001
679|549.001
680|497.001
681|570.001
682|739.001
683|456.001
684|204.001
685|534.001
686|756.001
687|244.001
688|350.001
689|195.001
690|103.001
691|27.001
692|929.001
693|528.001
694|451.001
695|38.001
696|823.001
697|234.001
698|856.001
699|790.001
700|253.001
701|401.001
702|827.001
703|104.001
704|726.001
705|559.001
706|163.001
707|86.001
708|233.001
709|933.001
710|3.001
711|951.001
712|342.001
713|563.001
714|131.001
715|670.001
716|427.001
717|117.001
718|64.001
719|176.001
720|595.001
721|267.001
722|270.001
723|811.001
724|872.001
725|871.001
726|403.001
727|704.001
728|642.001
729|794.001
730|491.001
731|466.001
732|925.001
733|245.001
734|389.001
735|559.001
736|255.001
737|233.001
738|701.001
739|875.001
740|935.001
741|149.001
742|75.001
743|435.001
744|208.001
745|218.001
746|208.001
747|886.001
748|19.001
749|563.001
750|31.001
751|542.001
752|787.001
753|497.001
754|850.001
755|692.001
756|41.001
757|908.001
758|910.001
759|235.001
760|116.001
761|821.001
762|275.001
763|179.001
764|289.001
765|647.001
766|375.001
767|435.001
768|60.001
769|292.001
770|613.001
771|325.001
772|99.001
773|841.001
774|82.001
775|665.001
776|826.001
777|573.001
778|105.001
779|535.001
780|553.001
781|254.001
782|349.001
783|605.001
784|150.001
785|532.001
786|981.001
787|593.001
788|160.001
789|138.001
790|94.001
791|934.001
792|476.001
793|105.001
794|913.001
795|11.001
796|871.001
797|72.001
798|917.001
799|384.001
800|296.001
801|177.001
802|193.001
803|622.001
804|430.001
805|167.001
806|564.001
807|489.001
808|357.001
809|825.001
810|188.001
811|103.001
812|276.001
813|710.001
814|156.001
815|532.001
816|665.001
817|260.001
818|207.001
819|108.001
820|73.001
821|275.001
822|335.001
823|768.001
824|602.001
825|821.001
826|678.001
827|763.001
828|820.001
829|104.001
830|758.001
831|726.001
832|855.001
833|141.001
834|712.001
835|638.001
836|789.001
837|29.001
838|72.001
839|286.001
840|706.001
841|869.001
842|398.001
843|366.001
844|437.001
845|283.001
846|413.001
847|18.001
848|593.001
849|446.001
850|918.001
851|996.001
852|272.001
853|677.001
854|953.001
855|307.001
856|401.001
857|435.001
858|583.001
859|177.001
860|308.001
861|736.001
862|651.001
863|658.001
864|461.001
865|453.001
866|545.001
867|946.001
868|870.001
869|651.001
870|351.001
871|479.001
872|532.001
873|796.001
874|52.001
875|934.001
876|603.001
877|166.001
878|162.001
879|789.001
880|846.001
881|72.001
882|834.001
883|338.001
884|834.001
885|113.001
886|726.001
887|497.001
888|899.001
889|417.001
890|610.001
891|634.001
892|961.001
893|945.001
894|139.001
895|676.001
896|300.001
897|443.001
898|789.001
899|701.001
900|55.001
901|231.001
902|137.001
903|637.001
904|293.001
905|180.001
906|934.001
907|857.001
908|840.001
909|186.001
910|127.001
911|281.001
912|809.001
913|101.001
914|559.001
915|720.001
916|412.001
917|668.001
918|334.001
919|85.001
920|841.001
921|388.001
922|5.001
923|651.001
924|791.001
925|608.001
926|725.001
927|875.001
928|55.001
929|861.001
930|139.001
931|73.001
932|235.001
933|438.001
934|103.001
935|5.001
936|635.001
937|501.001
938|833.001
939|723.001
940|153.001
941|810.001
942|143.001
943|960.001
944|951.001
945|755.001
946|218.001
947|13.001
948|313.001
949|704.001
950|262.001
951|452.001
952|608.001
953|714.001
954|880.001
955|35.001
956|99.001
957|116.001
958|910.001
959|401.001
960|421.001
961|69.001
962|237.001
963|443.001
964|973.001
965|15.001
966|867.001
967|869.001
968|266.001
969|740.001
970|797.001
971|923.001
972|857.001
973|988.001
974|847.001
975|662.001
976|542.001
977|531.001
978|359.001
979|949.001
980|54.001
981|546.001
982|725.001
983|852.001
984|670.001
985|421.001
986|692.001
987|502.001
988|930.001
989|810.001
990|157.001
991|13.001
992|369.001
993|493.001
994|812.001
995|353.001
996|964.001
997|836.001
998|323.001
999|426.001
