1|305.001
2|757.001
3|608.001
4|852.001
5|115.001
6|855.001
7|139.001
8|215.001
9|506.001
10|401.001
11|902.001
12|981.001
13|137.001
14|901.001
15|481.001
16|506.001
17|384.001
18|450.001
19|139.001
20|206.001
21|267.001
22|899.001
23|766.001
24|755.001
25|690.001
26|372.001
27|98.001
28|928.001
29|867.001
30|730.001
31|550.001
32|585.001
33|289.001
34|125.001
35|563.001
36|115.001
37|771.001
38|253.001
39|242.001
40|251.001
41|43.001
42|241.001
43|847.001
44|746.001
45|238.001
46|617.001
47|332.001
48|730.001
49|868.001
50|612.001
51|916.001
52|365.001
53|658.001
54|244.001
55|716.001
56|24.001
57|829.001
58|378.001
59|332.001
60|109.001
61|243.001
62|118.001
63|207.001
64|874.001
65|637.001
66|675.001
67|777.001
68|95.001
69|901.001
70|400.001
71|562.001
72|511.001
73|119.001
74|938.001
75|423.001
76|181.001
77|73.001
78|785.001
79|325.001
80|946.001
81|551.001
82|251.001
83|141.001
84|397.001
85|367.001
86|551.001
87|0.001
88|21.001
89|551.001
90|112.001
91|617.001
92|66.001
93|41.001
94|708.001
95|753.001
96|478.001
97|876.001
98|43.001
99|5.001
100|1.001
101|70.001
102|728.001
103|632.001
104|532.001
105|913.001
106|621.001
107|764.001
108|377.001
109|449.001
110|405.001
111|25.001
112|448.001
113|36.001
114|164.001
115|170.001
116|712.001
117|327.001
118|998.001
119|176.001
120|106.001
121|694.001
122|74.001
123|567.001
124|447.001
125|573.001
126|63.001
127|43.001
128|943.001
129|431.001
130|296.001
131|954.001
132|794.001
133|663.001
134|354.001
135|81.001
136|371.001
137|340.001
138|636.001
139|112.001
140|641.001
141|80.001
142|685.001
143|486.001
144|849.001
145|164.001
146|371.001
147|691.001
148|444.001
149|502.001
150|22.001
151|924.001
152|818.001
153|863.001
154|777.001
155|47.001
156|575.001
157|761.001
158|970.001
159|127.001
160|11.001
161|284.001
162|76.001
163|707.001
164|873.001
165|216.001
166|703.001
167|922.001
168|714.001
169|771.001
170|75.001
171|589.001
172|322.001
173|655.001
174|581.001
175|100.001
176|969.001
177|945.001
178|335.001
179|590.001
180|952.001
181|503.001
182|281.001
183|175.001
184|817.001
185|831.001
186|553.001
187|820.001
188|956.001
189|472.001
190|918.001
191|279.001
192|561.001
193|76.001
194|642.001
195|276.001
196|85.001
197|642.001
198|291.001
199|966.001
200|598.001
201|457.001
202|378.001
203|383.001
204|36.001
205|439.001
206|597.001
207|847.001
208|866.001
209|200.001
210|849.001
211|93.001
212|805.001
213|548.001
214|886.001
215|693.001
216|12.001
217|730.001
218|224.001
219|522.001
220|288.001
221|383.001
222|508.001
223|495.001
224|790.001
225|782.001
226|586.001
227|232.001
228|814.001
229|236.001
230|90.001
231|153.001
232|687.001
233|550.001
234|256.001
235|160.001
236|767.001
237|660.001
238|539.001
239|885.001
240|864.001
241|971.001
242|549.001
243|589.001
244|23.001
245|415.001
246|531.001
247|312.001
248|167.001
249|978.001
250|419.001
251|228.001
252|701.001
253|865.001
254|919.001
255|300.001
256|65.001
257|20.001
258|834.001
259|144.001
260|213.001
261|970.001
262|966.001
263|310.001
264|389.001
265|86.001
266|76.001
267|635.001
268|354.001
269|558.001
270|122.001
271|817.001
272|716.001
273|538.001
274|451.001
275|389.001
276|602.001
277|661.001
278|986.001
279|595.001
280|745.001
281|639.001
282|174.001
283|568.001
284|222.001
285|142.001
286|165.001
287|549.001
288|934.001
289|275.001
290|192.001
291|92.001
292|524.001
293|910.001
294|756.001
295|824.001
296|951.001
297|320.001
298|577.001
299|115.001
300|817.001
301|911.001
302|935.001
303|726.001
304|931.001
305|703.001
306|709.001
307|721.001
308|946.001
309|192.001
310|226.001
311|206.001
312|940.001
313|286.001
314|180.001
315|230.001
316|701.001
317|56.001
318|256.001
319|9.001
320|346.001
321|128.001
322|220.001
323|490.001
324|831.001
325|459.001
326|801.001
327|223.001
328|521.001
329|475.001
330|892.001
331|553.001
332|690.001
333|215.001
334|297.001
335|515.001
336|531.001
337|904.001
338|940.001
339|258.001
340|262.001
341|996.001
342|170.001
343|766.001
344|920.001
345|532.001
346|283.001
347|578.001
348|133.001
349|239.001
350|925.001
351|542.001
352|738.001
353|399.001
354|340.001
355|725.001
356|511.001
357|5.001
358|490.001
359|512.001
360|872.001
361|445.001
362|356.001
363|788.001
364|243.001
365|856.001
366|202.001
367|559.001
368|120.001
369|434.001
370|927.001
371|165.001
372|305.001
373|42.001
374|823.001
375|35.001
376|786.001
377|516.001
378|484.001
379|333.001
380|230.001
381|39.001
382|539.001
383|996.001
384|596.001
385|144.001
386|588.001
387|955.001
388|921.001
389|524.001
390|832.001
391|567.001
392|552.001
393|973.001
394|551.001
395|213.001
396|811.001
397|413.001
398|429.001
399|35.001
400|615.001
401|90.001
402|689.001
403|472.001
404|367.001
405|879.001
406|138.001
407|59.001
408|71.001
409|33.001
410|870.001
411|36.001
412|407.001
413|515.001
414|535.001
415|623.001
416|250.001
417|691.001
418|80.001
419|627.001
420|760.001
421|850.001
422|123.001
423|548.001
424|754.001
425|33.001
426|976.001
427|171.001
428|187.001
429|499.001
430|30.001
431|334.001
432|3.001
433|993.001
434|194.001
435|777.001
436|715.001
437|439.001
438|398.001
439|790.001
440|613.001
441|163.001
442|441.001
443|352.001
444|166.001
445|227.001
446|468.001
447|453.001
448|245.001
449|956.001
450|891.001
451|717.001
452|802.001
453|197.001
454|5.001
455|558.001
456|213.001
457|917.001
458|369.001
459|44.001
460|590.001
461|610.001
462|941.001
463|561.001
464|776.001
465|692.001
466|725.001
467|454.001
468|188.001
469|207.001
470|700.001
471|668.001
472|452.001
473|8.001
474|72.001
475|392.001
476|923.001
477|734.001
478|48.001
479|206.001
480|835.001
481|428.001
482|763.001
483|507.001
484|415.001
485|490.001
486|646.001
487|284.001
488|81.001
489|440.001
490|995.001
491|966.001
492|566.001
493|286.001
494|698.001
495|466.001
496|582.001
497|982.001
498|282.001
499|95.001
500|605.001
501|205.001
502|295.001
503|172.001
504|232.001
505|791.001
506|780.001
507|959.001
508|360.001
509|708.001
510|825.001
511|209.001
512|763.001
513|187.001
514|885.001
515|495.001
516|651.001
517|928.001
518|201.001
519|317.001
520|955.001
521|224.001
522|828.001
523|497.001
524|629.001
525|965.001
526|931.001
527|643.001
528|448.001
529|340.001
530|434.001
531|355.001
532|576.001
533|40.001
534|996.001
535|525.001
536|732.001
537|747.001
538|538.001
539|58.001
540|868.001
541|725.001
542|327.001
543|609.001
544|139.001
545|39.001
546|182.001
547|459.001
548|228.001
549|799.001
550|253.001
551|949.001
552|610.001
553|12.001
554|943.001
555|852.001
556|526.001
557|272.001
558|653.001
559|340.001
560|407.001
561|648.001
562|846.001
563|454.001
564|609.001
565|769.001
566|955.001
567|216.001
568|175.001
569|848.001
570|908.001
571|872.001
572|250.001
573|973.001
574|681.001
575|850.001
576|30.001
577|16.001
578|938.001
579|459.001
580|774.001
581|274.001
582|288.001
583|191.001
584|317.001
585|542.001
586|549.001
587|644.001
588|456.001
589|769.001
590|658.001
591|281.001
592|838.001
593|384.001
594|168.001
595|945.001
596|616.001
597|566.001
598|295.001
599|862.001
600|444.001
601|561.001
602|20.001
603|734.001
604|577.001
605|648.001
606|561.001
607|273.001
608|278.001
609|863.001
610|716.001
611|44.001
612|643.001
613|286.001
614|384.001
615|970.001
616|292.001
617|965.001
618|595.001
619|224.001
620|926.001
621|357.001
622|216.001
623|210.001
624|765.001
625|287.001
626|610.001
627|893.001
628|892.001
629|793.001
630|951.001
631|885.001
632|163.001
633|597.001
634|119.001
635|111.001
636|650.001
637|508.001
638|180.001
639|807.001
640|444.001
641|478.001
642|566.001
643|732.001
644|784.001
645|72.001
646|289.001
647|695.001
648|745.001
649|221.001
650|83.001
651|905.001
652|701.001
653|485.001
654|26.001
655|185.001
656|395.001
657|953.001
658|395.001
659|131.001
660|772.001
661|964.001
662|809.001
663|853.001
664|143.001
665|539.001
666|799.001
667|905.001
668|550.001
669|993.001
670|614.001
671|699.001
672|950.001
673|392.001
674|434.001
675|455.001
676|512.001
677|418.001
678|102.001
679|336.001
680|970.001
681|605.001
682|551.001
683|29.001
684|971.001
685|771.001
686|47.001
687|278.001
688|864.001
689|821.001
690|435.001
691|89.001
692|759.001
693|226.001
694|983.001
695|777.001
696|111.001
697|333.001
698|619.001
699|920.001
700|290.001
701|22.001
702|730.001
703|192.001
704|933.001
705|747.001
706|533.001
707|642.001
708|608.001
709|752.001
710|289.001
711|811.001
712|156.001
713|713.001
714|932.001
715|251.001
716|409.001
717|378.001
718|133.001
719|380.001
720|489.001
721|150.001
722|365.001
723|803.001
724|243.001
725|550.001
726|88.001
727|12.001
728|942.001
729|424.001
730|581.001
731|755.001
732|87.001
733|350.001
734|556.001
735|342.001
736|637.001
737|361.001
738|111.001
739|248.001
740|941.001
741|399.001
742|47.001
743|180.001
744|359.001
745|780.001
746|858.001
747|582.001
748|551.001
749|80.001
750|314.001
751|92.001
752|696.001
753|736.001
754|730.001
755|129.001
756|825.001
757|203.001
758|873.001
759|271.001
760|864.001
761|235.001
762|215.001
763|607.001
764|51.001
765|895.001
766|759.001
767|523.001
768|539.001
769|894.001
770|24.001
771|928.001
772|116.001
773|947.001
774|848.001
775|247.001
776|54.001
777|66.001
778|525.001
779|21.001
780|880.001
781|439.001
782|690.001
783|947.001
784|307.001
785|262.001
786|801.001
787|737.001
788|293.001
789|366.001
790|670.001
791|786.001
792|365.001
793|179.001
794|110.001
795|826.001
796|493.001
797|281.001
798|981.001
799|135.001
800|574.001
801|777.001
802|991.001
803|762.001
804|404.001
805|62.001
806|945.001
807|162.001
808|750.001
809|203.001
810|241.001
811|117.001
812|980.001
813|461.001
814|289.001
815|271.001
816|263.001
817|460.001
818|431.001
819|688.001
820|531.001
821|810.001
822|432.001
823|364.001
824|708.001
825|487.001
826|226.001
827|806.001
828|440.001
829|754.001
830|635.001
831|331.001
832|962.001
833|980.001
834|989.001
835|435.001
836|189.001
837|786.001
838|454.001
839|884.001
840|133.001
841|894.001
842|268.001
843|503.001
844|160.001
845|736.001
846|755.001
847|551.001
848|390.001
849|620.001
850|656.001
851|777.001
852|157.001
853|539.001
854|760.001
855|838.001
856|728.001
857|773.001
858|259.001
859|637.001
860|576.001
861|736.001
862|532.001
863|695.001
864|796.001
865|858.001
866|661.001
867|285.001
868|722.001
869|467.001
870|454.001
871|672.001
872|668.001
873|269.001
874|144.001
875|941.001
876|398.001
877|586.001
878|491.001
879|919.001
880|217.001
881|210.001
882|24.001
883|615.001
884|833.001
885|722.001
886|57.001
887|300.001
888|676.001
889|117.001
890|201.001
891|100.001
892|374.001
893|569.001
894|185.001
895|239.001
896|358.001
897|708.001
898|549.001
899|723.001
900|857.001
901|184.001
902|961.001
903|417.001
904|277.001
905|960.001
906|908.001
907|10.001
908|408.001
909|992.001
910|990.001
911|906.001
912|886.001
913|315.001
914|57.001
915|712.001
916|396.001
917|822.001
918|92.001
919|220.001
920|621.001
921|297.001
922|580.001
923|81.001
924|116.001
925|397.001
926|608.001
927|127.001
928|661.001
929|857.001
930|123.001
931|877.001
932|823.001
933|321.001
934|476.001
935|677.001
936|250.001
937|142.001
938|242.001
939|617.001
940|688.001
941|772.001
942|293.001
943|482.001
944|986.001
945|188.001
946|299.001
947|886.001
948|324.001
949|584.001
950|508.001
951|179.001
952|960.001
953|973.001
954|715.001
955|674.001
956|91.001
957|266.001
958|502.001
959|529.001
960|633.001
961|354.001
962|245.001
963|115.001
964|583.001
965|19.001
966|27.001
967|223.001
968|701.001
969|90.001
970|287.001
971|466.001
972|253.001
973|666.001
974|4.001
975|848.001
976|498.001
977|982.001
978|394.001
979|828.001
980|446.001
981|704.001
982|207.001
983|225.001
984|225.001
985|151.001
986|366.001
987|246.001
988|316.001
989|426.001
990|40.001
991|543.001
992|128.001
993|129.001
994|484.001
995|179.001
996|591.001
997|307.001
998|351.001
999|905.001
