1|312.001
2|849.001
3|532.001
4|20.001
5|538.001
6|226.001
7|688.001
8|498.001
9|22.001
10|215.001
11|831.001
12|772.001
13|72.001
14|74.001
15|210.001
16|252.001
17|738.001
18|288.001
19|118.001
20|369.001
21|222.001
22|0.001
23|129.001
24|861.001
25|369.001
26|193.001
27|264.001
28|214.001
29|307.001
30|140.001
31|502.001
32|746.001
33|339.001
34|827.001
35|845.001
36|414.001
37|817.001
38|910.001
39|475.001
40|548.001
41|361.001
42|603.001
43|197.001
44|838.001
45|844.001
46|548.001
47|778.001
48|483.001
49|986.001
50|986.001
51|494.001
52|580.001
53|996.001
54|987.001
55|183.001
56|620.001
57|742.001
58|17.001
59|850.001
60|728.001
61|675.001
62|705.001
63|116.001
64|288.001
65|59.001
66|987.001
67|845.001
68|389.001
69|46.001
70|874.001
71|186.001
72|633.001
73|220.001
74|284.001
75|240.001
76|386.001
77|625.001
78|813.001
79|209.001
80|133.001
81|52.001
82|644.001
83|934.001
84|126.001
85|686.001
86|558.001
87|54.001
88|662.001
89|597.001
90|846.001
91|754.001
92|305.001
93|45.001
94|193.001
95|947.001
96|562.001
97|752.001
98|561.001
99|666.001
100|877.001
101|836.001
102|34.001
103|324.001
104|699.001
105|880.001
106|312.001
107|699.001
108|657.001
109|35.001
110|420.001
111|295.001
112|19.001
113|223.001
114|520.001
115|286.001
116|827.001
117|618.001
118|867.001
119|409.001
120|661.001
121|628.001
122|484.001
123|255.001
124|476.001
125|190.001
126|15.001
127|233.001
128|847.001
129|159.001
130|554.001
131|676.001
132|99.001
133|360.001
134|858.001
135|899.001
136|763.001
137|77.001
138|231.001
139|58.001
140|225.001
141|448.001
142|320.001
143|175.001
144|769.001
145|543.001
146|985.001
147|159.001
148|645.001
149|144.001
150|166.001
151|64.001
152|960.001
153|972.001
154|336.001
155|899.001
156|19.001
157|149.001
158|444.001
159|661.001
160|864.001
161|480.001
162|702.001
163|930.001
164|645.001
165|706.001
166|993.001
167|623.001
168|81.001
169|174.001
170|229.001
171|401.001
172|10.001
173|674.001
174|101.001
175|355.001
176|908.001
177|140.001
178|323.001
179|732.001
180|550.001
181|774.001
182|349.001
183|754.001
184|340.001
185|814.001
186|560.001
187|209.001
188|327.001
189|515.001
190|18.001
191|970.001
192|126.001
193|688.001
194|553.001
195|698.001
196|832.001
197|9.001
198|31.001
199|868.001
200|239.001
201|465.001
202|452.001
203|44.001
204|226.001
205|166.001
206|692.001
207|594.001
208|774.001
209|661.001
210|873.001
211|305.001
212|177.001
213|280.001
214|508.001
215|685.001
216|152.001
217|715.001
218|672.001
219|145.001
220|183.001
221|377.001
222|496.001
223|475.001
224|397.001
225|642.001
226|638.001
227|187.001
228|876.001
229|404.001
230|546.001
231|790.001
232|450.001
233|916.001
234|631.001
235|187.001
236|615.001
237|406.001
238|550.001
239|298.001
240|137.001
241|252.001
242|365.001
243|493.001
244|220.001
245|433.001
246|397.001
247|813.001
248|942.001
249|512.001
250|307.001
251|308.001
252|848.001
253|280.001
254|599.001
255|510.001
256|27.001
257|235.001
258|317.001
259|177.001
260|491.001
261|991.001
262|119.001
263|272.001
264|119.001
265|121.001
266|269.001
267|517.001
268|261.001
269|932.001
270|23.001
271|557.001
272|607.001
273|750.001
274|666.001
275|704.001
276|663.001
277|358.001
278|87.001
279|505.001
280|961.001
281|107.001
282|92.001
283|569.001
284|512.001
285|370.001
286|180.001
287|801.001
288|639.001
289|0.001
290|694.001
291|157.001
292|235.001
293|731.001
294|950.001
295|418.001
296|526.001
297|745.001
298|734.001
299|652.001
300|298.001
301|404.001
302|359.001
303|459.001
304|77.001
305|137.001
306|64.001
307|292.001
308|925.001
309|821.001
310|822.001
311|253.001
312|856.001
313|115.001
314|300.001
315|989.001
316|280.001
317|146.001
318|962.001
319|855.001
320|408.001
321|837.001
322|140.001
323|322.001
324|433.001
325|201.001
326|104.001
327|732.001
328|300.001
329|51.001
330|93.001
331|408.001
332|13.001
333|647.001
334|962.001
335|872.001
336|874.001
337|408.001
338|840.001
339|289.001
340|347.001
341|979.001
342|657.001
343|883.001
344|982.001
345|298.001
346|98.001
347|937.001
348|718.001
349|787.001
350|129.001
351|620.001
352|15.001
353|30.001
354|167.001
355|46.001
356|640.001
357|550.001
358|621.001
359|542.001
360|391.001
361|757.001
362|122.001
363|59.001
364|717.001
365|894.001
366|901.001
367|483.001
368|945.001
369|278.001
370|622.001
371|888.001
372|526.001
373|277.001
374|282.001
375|228.001
376|637.001
377|259.001
378|918.001
379|812.001
380|865.001
381|676.001
382|244.001
383|378.001
384|594.001
385|586.001
386|273.001
387|563.001
388|326.001
389|18.001
390|916.001
391|697.001
392|113.001
393|827.001
394|920.001
395|744.001
396|124.001
397|492.001
398|843.001
399|870.001
400|905.001
401|608.001
402|363.001
403|506.001
404|985.001
405|624.001
406|695.001
407|80.001
408|871.001
409|365.001
410|207.001
411|740.001
412|58.001
413|193.001
414|578.001
415|400.001
416|442.001
417|321.001
418|180.001
419|803.001
420|899.001
421|184.001
422|82.001
423|157.001
424|205.001
425|48.001
426|294.001
427|934.001
428|826.001
429|31.001
430|330.001
431|137.001
432|139.001
433|394.001
434|719.001
435|712.001
436|486.001
437|677.001
438|975.001
439|782.001
440|723.001
441|154.001
442|435.001
443|799.001
444|478.001
445|152.001
446|501.001
447|532.001
448|513.001
449|903.001
450|463.001
451|309.001
452|180.001
453|742.001
454|939.001
455|453.001
456|606.001
457|464.001
458|414.001
459|303.001
460|765.001
461|107.001
462|500.001
463|493.001
464|277.001
465|148.001
466|621.001
467|438.001
468|996.001
469|681.001
470|342.001
471|412.001
472|185.001
473|707.001
474|804.001
475|3.001
476|980.001
477|470.001
478|328.001
479|535.001
480|786.001
481|629.001
482|230.001
483|346.001
484|457.001
485|461.001
486|487.001
487|696.001
488|138.001
489|839.001
490|77.001
491|461.001
492|663.001
493|478.001
494|457.001
495|205.001
496|490.001
497|875.001
498|314.001
499|416.001
500|294.001
501|841.001
502|495.001
503|412.001
504|207.001
505|11.001
506|987.001
507|863.001
508|905.001
509|88.001
510|540.001
511|388.001
512|96.001
513|810.001
514|608.001
515|252.001
516|389.001
517|156.001
518|372.001
519|524.001
520|630.001
521|214.001
522|899.001
523|434.001
524|9.001
525|131.001
526|515.001
527|678.001
528|480.001
529|297.001
530|433.001
531|176.001
532|633.001
533|660.001
534|158.001
535|251.001
536|192.001
537|543.001
538|280.001
539|701.001
540|556.001
541|15.001
542|38.001
543|167.001
544|984.001
545|228.001
546|552.001
547|800.001
548|676.001
549|216.001
550|328.001
551|798.001
552|267.001
553|333.001
554|650.001
555|716.001
556|715.001
557|718.001
558|16.001
559|941.001
560|654.001
561|716.001
562|149.001
563|488.001
564|84.001
565|52.001
566|820.001
567|212.001
568|686.001
569|964.001
570|74.001
571|711.001
572|149.001
573|685.001
574|82.001
575|277.001
576|169.001
577|559.001
578|137.001
579|499.001
580|256.001
581|791.001
582|951.001
583|258.001
584|337.001
585|15.001
586|901.001
587|671.001
588|715.001
589|474.001
590|822.001
591|761.001
592|171.001
593|682.001
594|432.001
595|887.001
596|749.001
597|83.001
598|677.001
599|200.001
600|781.001
601|862.001
602|21.001
603|330.001
604|555.001
605|594.001
606|740.001
607|680.001
608|168.001
609|818.001
610|591.001
611|146.001
612|712.001
613|144.001
614|564.001
615|610.001
616|49.001
617|653.001
618|441.001
619|552.001
620|866.001
621|702.001
622|273.001
623|65.001
624|938.001
625|93.001
626|853.001
627|478.001
628|442.001
629|247.001
630|523.001
631|116.001
632|94.001
633|306.001
634|425.001
635|165.001
636|363.001
637|943.001
638|18.001
639|405.001
640|724.001
641|234.001
642|577.001
643|676.001
644|385.001
645|765.001
646|893.001
647|718.001
648|590.001
649|717.001
650|927.001
651|790.001
652|350.001
653|969.001
654|880.001
655|283.001
656|548.001
657|528.001
658|72.001
659|234.001
660|257.001
661|572.001
662|575.001
663|103.001
664|187.001
665|76.001
666|535.001
667|952.001
668|747.001
669|533.001
670|169.001
671|747.001
672|235.001
673|35.001
674|133.001
675|96.001
676|635.001
677|790.001
678|804.001
679|827.001
680|691.001
681|37.001
682|232.001
683|514.001
684|761.001
685|965.001
686|182.001
687|606.001
688|528.001
689|794.001
690|29.001
691|79.001
692|32.001
693|92.001
694|711.001
695|391.001
696|274.001
697|224.001
698|935.001
699|744.001
700|850.001
701|41.001
702|986.001
703|382.001
704|978.001
705|459.001
706|958.001
707|215.001
708|323.001
709|118.001
710|915.001
711|448.001
712|298.001
713|758.001
714|485.001
715|101.001
716|623.001
717|619.001
718|421.001
719|384.001
720|123.001
721|181.001
722|142.001
723|738.001
724|413.001
725|800.001
726|964.001
727|191.001
728|497.001
729|782.001
730|626.001
731|915.001
732|434.001
733|709.001
734|287.001
735|146.001
736|416.001
737|112.001
738|350.001
739|94.001
740|191.001
741|961.001
742|82.001
743|236.001
744|725.001
745|503.001
746|40.001
747|588.001
748|854.001
749|439.001
750|540.001
751|618.001
752|373.001
753|794.001
754|741.001
755|728.001
756|585.001
757|431.001
758|263.001
759|37.001
760|763.001
761|468.001
762|129.001
763|394.001
764|171.001
765|966.001
766|658.001
767|493.001
768|728.001
769|952.001
770|532.001
771|767.001
772|441.001
773|266.001
774|856.001
775|411.001
776|189.001
777|54.001
778|942.001
779|741.001
780|463.001
781|11.001
782|618.001
783|303.001
784|732.001
785|743.001
786|735.001
787|26.001
788|837.001
789|337.001
790|168.001
791|511.001
792|230.001
793|363.001
794|931.001
795|613.001
796|338.001
797|148.001
798|761.001
799|981.001
800|938.001
801|345.001
802|571.001
803|558.001
804|173.001
805|943.001
806|117.001
807|319.001
808|259.001
809|968.001
810|74.001
811|961.001
812|25.001
813|140.001
814|12.001
815|160.001
816|235.001
817|544.001
818|466.001
819|151.001
820|966.001
821|368.001
822|833.001
823|284.001
824|603.001
825|287.001
826|906.001
827|521.001
828|437.001
829|132.001
830|453.001
831|283.001
832|36.001
833|368.001
834|89.001
835|432.001
836|263.001
837|366.001
838|720.001
839|504.001
840|28.001
841|75.001
842|617.001
843|167.001
844|283.001
845|923.001
846|502.001
847|675.001
848|700.001
849|855.001
850|295.001
851|268.001
852|987.001
853|813.001
854|214.001
855|371.001
856|740.001
857|102.001
858|262.001
859|381.001
860|29.001
861|204.001
862|208.001
863|981.001
864|228.001
865|257.001
866|76.001
867|834.001
868|562.001
869|786.001
870|352.001
871|511.001
872|422.001
873|546.001
874|853.001
875|140.001
876|906.001
877|982.001
878|215.001
879|382.001
880|761.001
881|877.001
882|59.001
883|897.001
884|621.001
885|935.001
886|965.001
887|345.001
888|18.001
889|246.001
890|502.001
891|813.001
892|10.001
893|946.001
894|38.001
895|387.001
896|977.001
897|345.001
898|367.001
899|93.001
900|968.001
901|663.001
902|366.001
903|494.001
904|821.001
905|784.001
906|438.001
907|212.001
908|707.001
909|192.001
910|549.001
911|886.001
912|685.001
913|509.001
914|787.001
915|232.001
916|276.001
917|176.001
918|343.001
919|964.001
920|881.001
921|298.001
922|117.001
923|174.001
924|844.001
925|562.001
926|295.001
927|431.001
928|412.001
929|37.001
930|745.001
931|1.001
932|729.001
933|768.001
934|915.001
935|536.001
936|858.001
937|265.001
938|975.001
939|764.001
940|810.001
941|2.001
942|505.001
943|701.001
944|546.001
945|208.001
946|650.001
947|539.001
948|719.001
949|812.001
950|903.001
951|387.001
952|189.001
953|252.001
954|604.001
955|65.001
956|114.001
957|987.001
958|259.001
959|177.001
960|149.001
961|304.001
962|798.001
963|829.001
964|653.001
965|224.001
966|489.001
967|869.001
968|986.001
969|386.001
970|203.001
971|539.001
972|41.001
973|787.001
974|97.001
975|480.001
976|968.001
977|839.001
978|573.001
979|855.001
980|429.001
981|351.001
982|793.001
983|831.001
984|779.001
985|622.001
986|867.001
987|613.001
988|706.001
989|337.001
990|317.001
991|226.001
992|620.001
993|99.001
994|606.001
995|702.001
996|163.001
997|94.001
998|593.001
999|404.001
