1|31.001
2|91.001
3|289.001
4|638.001
5|159.001
6|284.001
7|88.001
8|87.001
9|902.001
10|369.001
11|516.001
12|539.001
13|772.001
14|778.001
15|880.001
16|141.001
17|19.001
18|285.001
19|641.001
20|539.001
21|867.001
22|872.001
23|62.001
24|873.001
25|485.001
26|67.001
27|959.001
28|214.001
29|224.001
30|303.001
31|493.001
32|20.001
33|374.001
34|35.001
35|557.001
36|76.001
37|119.001
38|252.001
39|863.001
40|467.001
41|676.001
42|370.001
43|462.001
44|682.001
45|547.001
46|418.001
47|60.001
48|433.001
49|403.001
50|86.001
51|199.001
52|579.001
53|267.001
54|40.001
55|1.001
56|69.001
57|413.001
58|864.001
59|86.001
60|946.001
61|474.001
62|616.001
63|781.001
64|655.001
65|141.001
66|408.001
67|604.001
68|934.001
69|131.001
70|139.001
71|419.001
72|816.001
73|78.001
74|379.001
75|86.001
76|592.001
77|159.001
78|982.001
79|40.001
80|829.001
81|568.001
82|503.001
83|565.001
84|179.001
85|232.001
86|644.001
87|890.001
88|498.001
89|425.001
90|491.001
91|664.001
92|623.001
93|602.001
94|462.001
95|883.001
96|126.001
97|501.001
98|297.001
99|694.001
100|529.001
101|441.001
102|386.001
103|833.001
104|464.001
105|17.001
106|715.001
107|708.001
108|357.001
109|820.001
110|781.001
111|261.001
112|875.001
113|440.001
114|255.001
115|732.001
116|401.001
117|458.001
118|935.001
119|375.001
120|853.001
121|60.001
122|228.001
123|470.001
124|921.001
125|432.001
126|431.001
127|845.001
128|360.001
129|690.001
130|172.001
131|700.001
132|140.001
133|295.001
134|355.001
135|43.001
136|396.001
137|988.001
138|190.001
139|352.001
140|972.001
141|171.001
142|731.001
143|327.001
144|412.001
145|467.001
146|475.001
147|437.001
148|219.001
149|513.001
150|807.001
151|268.001
152|776.001
153|609.001
154|642.001
155|78.001
156|389.001
157|938.001
158|439.001
159|608.001
160|986.001
161|819.001
162|128.001
163|227.001
164|883.001
165|567.001
166|151.001
167|19.001
168|259.001
169|351.001
170|748.001
171|706.001
172|308.001
173|201.001
174|309.001
175|988.001
176|477.001
177|43.001
178|255.001
179|720.001
180|643.001
181|991.001
182|818.001
183|134.001
184|922.001
185|943.001
186|853.001
187|72.001
188|390.001
189|731.001
190|833.001
191|833.001
192|291.001
193|924.001
194|2.001
195|499.001
196|823.001
197|468.001
198|65.001
199|325.001
200|562.001
201|342.001
202|846.001
203|792.001
204|454.001
205|139.001
206|141.001
207|339.001
208|466.001
209|503.001
210|579.001
211|868.001
212|328.001
213|554.001
214|46.001
215|656.001
216|526.001
217|442.001
218|64.001
219|804.001
220|996.001
221|730.001
222|281.001
223|717.001
224|922.001
225|624.001
226|198.001
227|580.001
228|582.001
229|175.001
230|229.001
231|82.001
232|866.001
233|843.001
234|413.001
235|568.001
236|412.001
237|929.001
238|911.001
239|634.001
240|853.001
241|541.001
242|44.001
243|993.001
244|375.001
245|833.001
246|483.001
247|334.001
248|18.001
249|800.001
250|622.001
251|899.001
252|978.001
253|418.001
254|421.001
255|884.001
256|108.001
257|817.001
258|696.001
259|258.001
260|214.001
261|925.001
262|366.001
263|534.001
264|837.001
265|220.001
266|344.001
267|947.001
268|207.001
269|477.001
270|656.001
271|368.001
272|710.001
273|720.001
274|968.001
275|996.001
276|952.001
277|267.001
278|582.001
279|656.001
280|437.001
281|825.001
282|12.001
283|840.001
284|946.001
285|480.001
286|668.001
287|566.001
288|854.001
289|419.001
290|588.001
291|596.001
292|166.001
293|783.001
294|60.001
295|637.001
296|399.001
297|920.001
298|507.001
299|219.001
300|483.001
301|343.001
302|879.001
303|970.001
304|571.001
305|306.001
306|726.001
307|167.001
308|255.001
309|906.001
310|220.001
311|521.001
312|121.001
313|916.001
314|477.001
315|757.001
316|972.001
317|907.001
318|753.001
319|383.001
320|909.001
321|294.001
322|252.001
323|0.001
324|753.001
325|57.001
326|363.001
327|492.001
328|408.001
329|171.001
330|924.001
331|674.001
332|240.001
333|963.001
334|528.001
335|577.001
336|901.001
337|288.001
338|374.001
339|155.001
340|719.001
341|617.001
342|486.001
343|62.001
344|297.001
345|169.001
346|693.001
347|244.001
348|586.001
349|81.001
350|759.001
351|4.001
352|965.001
353|830.001
354|179.001
355|379.001
356|988.001
357|248.001
358|62.001
359|82.001
360|551.001
361|745.001
362|683.001
363|671.001
364|702.001
365|828.001
366|443.001
367|240.001
368|209.001
369|687.001
370|839.001
371|41.001
372|887.001
373|990.001
374|536.001
375|781.001
376|43.001
377|106.001
378|932.001
379|325.001
380|747.001
381|724.001
382|670.001
383|804.001
384|698.001
385|779.001
386|422.001
387|814.001
388|202.001
389|317.001
390|727.001
391|193.001
392|13.001
393|47.001
394|196.001
395|523.001
396|985.001
397|21.001
398|675.001
399|461.001
400|788.001
401|203.001
402|24.001
403|920.001
404|705.001
405|584.001
406|839.001
407|908.001
408|889.001
409|375.001
410|457.001
411|920.001
412|960.001
413|998.001
414|813.001
415|123.001
416|408.001
417|346.001
418|611.001
419|148.001
420|685.001
421|144.001
422|538.001
423|541.001
424|860.001
425|230.001
426|763.001
427|229.001
428|36.001
429|546.001
430|788.001
431|492.001
432|533.001
433|587.001
434|133.001
435|94.001
436|982.001
437|117.001
438|627.001
439|821.001
440|663.001
441|964.001
442|709.001
443|876.001
444|51.001
445|224.001
446|551.001
447|955.001
448|970.001
449|553.001
450|499.001
451|34.001
452|997.001
453|771.001
454|516.001
455|496.001
456|353.001
457|282.001
458|285.001
459|75.001
460|408.001
461|263.001
462|409.001
463|189.001
464|154.001
465|835.001
466|857.001
467|534.001
468|296.001
469|948.001
470|932.001
471|83.001
472|292.001
473|390.001
474|221.001
475|760.001
476|563.001
477|98.001
478|889.001
479|276.001
480|902.001
481|39.001
482|58.001
483|160.001
484|441.001
485|180.001
486|593.001
487|567.001
488|473.001
489|16.001
490|627.001
491|377.001
492|269.001
493|51.001
494|506.001
495|939.001
496|311.001
497|364.001
498|552.001
499|811.001
500|131.001
501|862.001
502|206.001
503|143.001
504|817.001
505|327.001
506|131.001
507|228.001
508|550.001
509|417.001
510|501.001
511|558.001
512|583.001
513|167.001
514|875.001
515|557.001
516|647.001
517|876.001
518|212.001
519|124.001
520|524.001
521|535.001
522|337.001
523|748.001
524|835.001
525|707.001
526|978.001
527|101.001
528|268.001
529|393.001
530|151.001
531|126.001
532|176.001
533|20.001
534|54.001
535|504.001
536|119.001
537|610.001
538|807.001
539|58.001
540|737.001
541|605.001
542|780.001
543|181.001
544|543.001
545|696.001
546|471.001
547|23.001
548|676.001
549|946.001
550|132.001
551|462.001
552|276.001
553|204.001
554|942.001
555|29.001
556|895.001
557|718.001
558|614.001
559|896.001
560|973.001
561|722.001
562|434.001
563|591.001
564|755.001
565|98.001
566|234.001
567|960.001
568|244.001
569|21.001
570|788.001
571|415.001
572|900.001
573|402.001
574|823.001
575|657.001
576|704.001
577|900.001
578|10.001
579|771.001
580|625.001
581|374.001
582|257.001
583|284.001
584|72.001
585|412.001
586|34.001
587|60.001
588|675.001
589|331.001
590|133.001
591|482.001
592|284.001
593|335.001
594|170.001
595|887.001
596|365.001
597|381.001
598|208.001
599|350.001
600|407.001
601|758.001
602|799.001
603|830.001
604|74.001
605|287.001
606|236.001
607|115.001
608|743.001
609|184.001
610|157.001
611|161.001
612|199.001
613|611.001
614|510.001
615|154.001
616|331.001
617|118.001
618|112.001
619|132.001
620|616.001
621|684.001
622|777.001
623|778.001
624|399.001
625|716.001
626|591.001
627|442.001
628|958.001
629|45.001
630|431.001
631|286.001
632|768.001
633|345.001
634|1.001
635|5.001
636|542.001
637|474.001
638|697.001
639|506.001
640|676.001
641|847.001
642|727.001
643|915.001
644|33.001
645|439.001
646|574.001
647|401.001
648|97.001
649|611.001
650|302.001
651|495.001
652|96.001
653|415.001
654|831.001
655|943.001
656|591.001
657|865.001
658|470.001
659|501.001
660|445.001
661|216.001
662|334.001
663|484.001
664|963.001
665|766.001
666|373.001
667|850.001
668|697.001
669|839.001
670|84.001
671|300.001
672|670.001
673|793.001
674|827.001
675|561.001
676|44.001
677|221.001
678|289.001
679|751.001
680|33.001
681|724.001
682|506.001
683|455.001
684|118.001
685|173.001
686|845.001
687|558.001
688|607.001
689|244.001
690|81.001
691|460.001
692|478.001
693|570.001
694|160.001
695|176.001
696|155.001
697|386.001
698|378.001
699|424.001
700|51.001
701|494.001
702|901.001
703|721.001
704|177.001
705|440.001
706|373.001
707|691.001
708|790.001
709|165.001
710|333.001
711|324.001
712|394.001
713|841.001
714|918.001
715|232.001
716|934.001
717|158.001
718|784.001
719|743.001
720|415.001
721|163.001
722|631.001
723|742.001
724|211.001
725|124.001
726|314.001
727|227.001
728|509.001
729|493.001
730|36.001
731|45.001
732|871.001
733|354.001
734|622.001
735|600.001
736|378.001
737|640.001
738|456.001
739|172.001
740|887.001
741|233.001
742|15.001
743|249.001
744|406.001
745|285.001
746|874.001
747|596.001
748|596.001
749|806.001
750|778.001
751|291.001
752|310.001
753|350.001
754|982.001
755|282.001
756|320.001
757|893.001
758|130.001
759|633.001
760|638.001
761|910.001
762|40.001
763|22.001
764|635.001
765|344.001
766|788.001
767|62.001
768|181.001
769|574.001
770|542.001
771|336.001
772|578.001
773|412.001
774|671.001
775|661.001
776|402.001
777|341.001
778|397.001
779|702.001
780|48.001
781|361.001
782|192.001
783|52.001
784|90.001
785|298.001
786|723.001
787|749.001
788|24.001
789|353.001
790|631.001
791|462.001
792|386.001
793|334.001
794|624.001
795|651.001
796|688.001
797|953.001
798|663.001
799|752.001
800|477.001
801|656.001
802|192.001
803|145.001
804|679.001
805|706.001
806|13.001
807|339.001
808|348.001
809|37.001
810|849.001
811|166.001
812|220.001
813|330.001
814|76.001
815|264.001
816|608.001
817|441.001
818|453.001
819|585.001
820|709.001
821|347.001
822|504.001
823|903.001
824|698.001
825|632.001
826|91.001
827|377.001
828|126.001
829|874.001
830|566.001
831|229.001
832|805.001
833|7.001
834|630.001
835|760.001
836|334.001
837|628.001
838|966.001
839|698.001
840|79.001
841|398.001
842|860.001
843|125.001
844|179.001
845|297.001
846|455.001
847|625.001
848|33.001
849|840.001
850|85.001
851|648.001
852|474.001
853|767.001
854|790.001
855|521.001
856|493.001
857|662.001
858|360.001
859|243.001
860|55.001
861|359.001
862|160.001
863|375.001
864|474.001
865|408.001
866|113.001
867|519.001
868|827.001
869|578.001
870|418.001
871|809.001
872|303.001
873|217.001
874|803.001
875|211.001
876|287.001
877|746.001
878|434.001
879|949.001
880|261.001
881|583.001
882|286.001
883|380.001
884|526.001
885|259.001
886|551.001
887|194.001
888|200.001
889|872.001
890|848.001
891|917.001
892|914.001
893|128.001
894|94.001
895|379.001
896|422.001
897|969.001
898|891.001
899|450.001
900|360.001
901|45.001
902|417.001
903|173.001
904|485.001
905|556.001
906|525.001
907|300.001
908|544.001
909|143.001
910|278.001
911|743.001
912|186.001
913|929.001
914|68.001
915|508.001
916|517.001
917|496.001
918|308.001
919|959.001
920|896.001
921|47.001
922|11.001
923|160.001
924|755.001
925|776.001
926|475.001
927|11.001
928|452.001
929|596.001
930|852.001
931|629.001
932|708.001
933|225.001
934|692.001
935|597.001
936|476.001
937|821.001
938|608.001
939|285.001
940|218.001
941|677.001
942|796.001
943|330.001
944|820.001
945|292.001
946|688.001
947|403.001
948|492.001
949|72.001
950|638.001
951|901.001
952|969.001
953|388.001
954|729.001
955|271.001
956|378.001
957|952.001
958|123.001
959|693.001
960|270.001
961|122.001
962|40.001
963|39.001
964|571.001
965|52.001
966|197.001
967|521.001
968|82.001
969|345.001
970|288.001
971|922.001
972|436.001
973|707.001
974|197.001
975|145.001
976|390.001
977|546.001
978|528.001
979|187.001
980|51.001
981|532.001
982|169.001
983|643.001
984|86.001
985|999.001
986|969.001
987|548.001
988|909.001
989|149.001
990|113.001
991|620.001
992|843.001
993|821.001
994|259.001
995|332.001
996|815.001
997|484.001
998|935.001
999|786.001
