1|307.001
2|76.001
3|218.001
4|652.001
5|852.001
6|509.001
7|644.001
8|419.001
9|231.001
10|979.001
11|479.001
12|488.001
13|402.001
14|714.001
15|540.001
16|829.001
17|269.001
18|445.001
19|755.001
20|630.001
21|611.001
22|820.001
23|172.001
24|624.001
25|395.001
26|968.001
27|711.001
28|563.001
29|289.001
30|772.001
31|141.001
32|704.001
33|206.001
34|895.001
35|232.001
36|374.001
37|188.001
38|839.001
39|987.001
40|639.001
41|858.001
42|72.001
43|762.001
44|950.001
45|918.001
46|363.001
47|8.001
48|558.001
49|445.001
50|994.001
51|87.001
52|651.001
53|115.001
54|401.001
55|201.001
56|486.001
57|947.001
58|81.001
59|271.001
60|588.001
61|330.001
62|955.001
63|938.001
64|313.001
65|638.001
66|142.001
67|425.001
68|942.001
69|549.001
70|962.001
71|672.001
72|773.001
73|648.001
74|828.001
75|783.001
76|137.001
77|434.001
78|23.001
79|350.001
80|57.001
81|303.001
82|484.001
83|877.001
84|735.001
85|904.001
86|868.001
87|668.001
88|426.001
89|993.001
90|354.001
91|535.001
92|545.001
93|585.001
94|111.001
95|271.001
96|410.001
97|290.001
98|158.001
99|321.001
100|283.001
101|877.001
102|447.001
103|321.001
104|142.001
105|945.001
106|426.001
107|64.001
108|403.001
109|645.001
110|114.001
111|112.001
112|420.001
113|159.001
114|991.001
115|244.001
116|71.001
117|528.001
118|599.001
119|136.001
120|702.001
121|706.001
122|611.001
123|666.001
124|577.001
125|236.001
126|92.001
127|945.001
128|834.001
129|74.001
130|150.001
131|656.001
132|453.001
133|189.001
134|127.001
135|201.001
136|461.001
137|365.001
138|450.001
139|919.001
140|778.001
141|810.001
142|953.001
143|902.001
144|208.001
145|75.001
146|533.001
147|893.001
148|491.001
149|742.001
150|138.001
151|731.001
152|326.001
153|693.001
154|762.001
155|496.001
156|976.001
157|424.001
158|652.001
159|1.001
160|327.001
161|437.001
162|133.001
163|155.001
164|183.001
165|505.001
166|974.001
167|858.001
168|191.001
169|254.001
170|560.001
171|208.001
172|353.001
173|103.001
174|215.001
175|865.001
176|439.001
177|906.001
178|100.001
179|581.001
180|689.001
181|246.001
182|318.001
183|287.001
184|357.001
185|376.001
186|785.001
187|825.001
188|370.001
189|84.001
190|916.001
191|868.001
192|158.001
193|805.001
194|509.001
195|10.001
196|269.001
197|106.001
198|890.001
199|650.001
200|563.001
201|643.001
202|845.001
203|10.001
204|4.001
205|753.001
206|65.001
207|724.001
208|704.001
209|310.001
210|859.001
211|386.001
212|216.001
213|499.001
214|963.001
215|177.001
216|762.001
217|848.001
218|89.001
219|498.001
220|373.001
221|210.001
222|407.001
223|304.001
224|854.001
225|870.001
226|740.001
227|665.001
228|241.001
229|783.001
230|920.001
231|10.001
232|249.001
233|533.001
234|831.001
235|259.001
236|506.001
237|636.001
238|538.001
239|95.001
240|440.001
241|619.001
242|652.001
243|65.001
244|617.001
245|909.001
246|321.001
247|713.001
248|788.001
249|519.001
250|429.001
251|856.001
252|596.001
253|563.001
254|762.001
255|910.001
256|624.001
257|129.001
258|814.001
259|560.001
260|583.001
261|86.001
262|864.001
263|946.001
264|931.001
265|956.001
266|563.001
267|424.001
268|235.001
269|777.001
270|801.001
271|107.001
272|847.001
273|611.001
274|222.001
275|134.001
276|63.001
277|219.001
278|658.001
279|254.001
280|289.001
281|671.001
282|251.001
283|909.001
284|503.001
285|662.001
286|544.001
287|496.001
288|263.001
289|770.001
290|987.001
291|253.001
292|142.001
293|354.001
294|208.001
295|757.001
296|510.001
297|831.001
298|433.001
299|385.001
300|284.001
301|777.001
302|906.001
303|168.001
304|593.001
305|396.001
306|621.001
307|185.001
308|258.001
309|776.001
310|658.001
311|771.001
312|251.001
313|529.001
314|22.001
315|283.001
316|959.001
317|527.001
318|351.001
319|727.001
320|367.001
321|447.001
322|881.001
323|341.001
324|646.001
325|872.001
326|258.001
327|751.001
328|422.001
329|329.001
330|27.001
331|160.001
332|435.001
333|237.001
334|694.001
335|294.001
336|67.001
337|214.001
338|365.001
339|75.001
340|310.001
341|810.001
342|449.001
343|570.001
344|650.001
345|226.001
346|513.001
347|205.001
348|89.001
349|756.001
350|17.001
351|495.001
352|11.001
353|642.001
354|836.001
355|116.001
356|998.001
357|255.001
358|403.001
359|639.001
360|646.001
361|16.001
362|140.001
363|681.001
364|997.001
365|160.001
366|629.001
367|671.001
368|400.001
369|788.001
370|64.001
371|573.001
372|271.001
373|913.001
374|197.001
375|783.001
376|148.001
377|344.001
378|317.001
379|844.001
380|83.001
381|22.001
382|544.001
383|790.001
384|453.001
385|567.001
386|87.001
387|413.001
388|766.001
389|311.001
390|424.001
391|784.001
392|592.001
393|598.001
394|890.001
395|441.001
396|348.001
397|592.001
398|288.001
399|546.001
400|148.001
401|790.001
402|331.001
403|459.001
404|480.001
405|85.001
406|177.001
407|398.001
408|488.001
409|270.001
410|781.001
411|40.001
412|211.001
413|764.001
414|193.001
415|367.001
416|483.001
417|34.001
418|875.001
419|857.001
420|488.001
421|308.001
422|923.001
423|961.001
424|414.001
425|951.001
426|2.001
427|569.001
428|69.001
429|162.001
430|114.001
431|186.001
432|649.001
433|695.001
434|701.001
435|488.001
436|254.001
437|955.001
438|979.001
439|609.001
440|423.001
441|85.001
442|287.001
443|155.001
444|522.001
445|800.001
446|791.001
447|478.001
448|216.001
449|539.001
450|333.001
451|628.001
452|525.001
453|441.001
454|804.001
455|971.001
456|526.001
457|408.001
458|727.001
459|689.001
460|568.001
461|854.001
462|406.001
463|458.001
464|623.001
465|474.001
466|758.001
467|400.001
468|986.001
469|187.001
470|625.001
471|925.001
472|685.001
473|447.001
474|482.001
475|975.001
476|98.001
477|423.001
478|626.001
479|406.001
480|408.001
481|751.001
482|785.001
483|494.001
484|783.001
485|20.001
486|827.001
487|672.001
488|631.001
489|196.001
490|898.001
491|566.001
492|431.001
493|869.001
494|788.001
495|543.001
496|104.001
497|813.001
498|366.001
499|702.001
500|381.001
501|473.001
502|450.001
503|436.001
504|542.001
505|746.001
506|516.001
507|636.001
508|186.001
509|333.001
510|880.001
511|977.001
512|465.001
513|995.001
514|401.001
515|268.001
516|146.001
517|938.001
518|121.001
519|365.001
520|589.001
521|969.001
522|309.001
523|215.001
524|583.001
525|425.001
526|530.001
527|599.001
528|330.001
529|764.001
530|576.001
531|379.001
532|587.001
533|635.001
534|250.001
535|888.001
536|179.001
537|445.001
538|640.001
539|657.001
540|510.001
541|776.001
542|811.001
543|554.001
544|194.001
545|779.001
546|948.001
547|617.001
548|380.001
549|450.001
550|756.001
551|942.001
552|682.001
553|455.001
554|723.001
555|619.001
556|369.001
557|369.001
558|88.001
559|358.001
560|969.001
561|52.001
562|184.001
563|350.001
564|115.001
565|226.001
566|422.001
567|814.001
568|243.001
569|909.001
570|706.001
571|354.001
572|223.001
573|971.001
574|126.001
575|115.001
576|407.001
577|64.001
578|943.001
579|927.001
580|534.001
581|638.001
582|437.001
583|253.001
584|121.001
585|445.001
586|921.001
587|900.001
588|918.001
589|551.001
590|210.001
591|69.001
592|263.001
593|590.001
594|813.001
595|939.001
596|586.001
597|914.001
598|288.001
599|92.001
600|6.001
601|214.001
602|617.001
603|564.001
604|259.001
605|237.001
606|380.001
607|475.001
608|820.001
609|550.001
610|496.001
611|622.001
612|976.001
613|398.001
614|829.001
615|506.001
616|925.001
617|730.001
618|280.001
619|920.001
620|67.001
621|0.001
622|674.001
623|429.001
624|762.001
625|855.001
626|319.001
627|960.001
628|441.001
629|585.001
630|265.001
631|41.001
632|293.001
633|780.001
634|554.001
635|450.001
636|30.001
637|945.001
638|829.001
639|275.001
640|710.001
641|331.001
642|168.001
643|171.001
644|627.001
645|941.001
646|810.001
647|847.001
648|581.001
649|938.001
650|385.001
651|585.001
652|15.001
653|204.001
654|359.001
655|235.001
656|856.001
657|63.001
658|290.001
659|93.001
660|496.001
661|130.001
662|819.001
663|931.001
664|798.001
665|394.001
666|83.001
667|404.001
668|327.001
669|380.001
670|630.001
671|725.001
672|280.001
673|353.001
674|141.001
675|295.001
676|949.001
677|662.001
678|479.001
679|287.001
680|233.001
681|546.001
682|215.001
683|192.001
684|341.001
685|403.001
686|449.001
687|135.001
688|6.001
689|287.001
690|623.001
691|279.001
692|644.001
693|643.001
694|754.001
695|340.001
696|729.001
697|110.001
698|463.001
699|950.001
700|37.001
701|544.001
702|601.001
703|573.001
704|414.001
705|767.001
706|831.001
707|852.001
708|338.001
709|808.001
710|438.001
711|12.001
712|863.001
713|800.001
714|941.001
715|567.001
716|141.001
717|985.001
718|527.001
719|381.001
720|515.001
721|349.001
722|701.001
723|983.001
724|313.001
725|809.001
726|327.001
727|945.001
728|119.001
729|197.001
730|116.001
731|862.001
732|966.001
733|207.001
734|109.001
735|798.001
736|353.001
737|858.001
738|446.001
739|274.001
740|342.001
741|226.001
742|67.001
743|614.001
744|686.001
745|579.001
746|66.001
747|467.001
748|455.001
749|937.001
750|497.001
751|34.001
752|741.001
753|404.001
754|148.001
755|12.001
756|10.001
757|444.001
758|304.001
759|918.001
760|286.001
761|320.001
762|217.001
763|969.001
764|491.001
765|582.001
766|4.001
767|601.001
768|929.001
769|821.001
770|241.001
771|636.001
772|352.001
773|235.001
774|749.001
775|625.001
776|531.001
777|538.001
778|217.001
779|631.001
780|462.001
781|919.001
782|327.001
783|625.001
784|218.001
785|498.001
786|218.001
787|733.001
788|872.001
789|164.001
790|16.001
791|824.001
792|802.001
793|232.001
794|720.001
795|223.001
796|359.001
797|949.001
798|978.001
799|490.001
800|218.001
801|77.001
802|942.001
803|39.001
804|412.001
805|238.001
806|990.001
807|754.001
808|239.001
809|657.001
810|273.001
811|237.001
812|426.001
813|133.001
814|155.001
815|125.001
816|26.001
817|542.001
818|742.001
819|314.001
820|893.001
821|852.001
822|800.001
823|268.001
824|169.001
825|660.001
826|254.001
827|819.001
828|604.001
829|809.001
830|163.001
831|100.001
832|116.001
833|37.001
834|741.001
835|244.001
836|814.001
837|253.001
838|389.001
839|158.001
840|753.001
841|870.001
842|312.001
843|899.001
844|281.001
845|308.001
846|767.001
847|395.001
848|892.001
849|175.001
850|320.001
851|695.001
852|893.001
853|905.001
854|914.001
855|745.001
856|388.001
857|673.001
858|497.001
859|286.001
860|944.001
861|606.001
862|281.001
863|387.001
864|763.001
865|283.001
866|748.001
867|874.001
868|236.001
869|638.001
870|78.001
871|322.001
872|301.001
873|461.001
874|549.001
875|513.001
876|737.001
877|975.001
878|266.001
879|638.001
880|219.001
881|630.001
882|609.001
883|686.001
884|79.001
885|157.001
886|344.001
887|527.001
888|429.001
889|235.001
890|295.001
891|259.001
892|746.001
893|443.001
894|567.001
895|55.001
896|991.001
897|232.001
898|158.001
899|408.001
900|827.001
901|220.001
902|170.001
903|702.001
904|112.001
905|841.001
906|267.001
907|110.001
908|881.001
909|901.001
910|393.001
911|739.001
912|26.001
913|59.001
914|757.001
915|516.001
916|846.001
917|949.001
918|421.001
919|797.001
920|341.001
921|308.001
922|748.001
923|55.001
924|555.001
925|883.001
926|246.001
927|968.001
928|222.001
929|944.001
930|742.001
931|103.001
932|228.001
933|711.001
934|949.001
935|185.001
936|506.001
937|595.001
938|549.001
939|360.001
940|760.001
941|804.001
942|88.001
943|542.001
944|92.001
945|562.001
946|5.001
947|858.001
948|183.001
949|987.001
950|964.001
951|998.001
952|767.001
953|989.001
954|753.001
955|858.001
956|608.001
957|186.001
958|738.001
959|202.001
960|45.001
961|756.001
962|661.001
963|482.001
964|730.001
965|314.001
966|651.001
967|185.001
968|459.001
969|627.001
970|706.001
971|247.001
972|257.001
973|271.001
974|116.001
975|15.001
976|972.001
977|264.001
978|912.001
979|292.001
980|318.001
981|540.001
982|108.001
983|584.001
984|211.001
985|497.001
986|24.001
987|478.001
988|53.001
989|666.001
990|97.001
991|38.001
992|15.001
993|908.001
994|222.001
995|901.001
996|101.001
997|656.001
998|660.001
999|264.001
