1|411.001
2|864.001
3|505.001
4|67.001
5|508.001
6|193.001
7|990.001
8|432.001
9|107.001
10|622.001
11|635.001
12|618.001
13|736.001
14|65.001
15|62.001
16|723.001
17|501.001
18|893.001
19|157.001
20|611.001
21|985.001
22|323.001
23|877.001
24|70.001
25|594.001
26|885.001
27|694.001
28|758.001
29|771.001
30|782.001
31|121.001
32|405.001
33|0.001
34|823.001
35|436.001
36|495.001
37|218.001
38|789.001
39|689.001
40|676.001
41|434.001
42|3.001
43|595.001
44|515.001
45|669.001
46|204.001
47|392.001
48|683.001
49|190.001
50|563.001
51|661.001
52|340.001
53|612.001
54|187.001
55|801.001
56|394.001
57|47.001
58|346.001
59|177.001
60|541.001
61|912.001
62|732.001
63|60.001
64|939.001
65|492.001
66|811.001
67|442.001
68|634.001
69|141.001
70|550.001
71|988.001
72|46.001
73|203.001
74|347.001
75|913.001
76|565.001
77|368.001
78|452.001
79|571.001
80|99.001
81|386.001
82|962.001
83|538.001
84|957.001
85|265.001
86|781.001
87|927.001
88|24.001
89|473.001
90|641.001
91|552.001
92|116.001
93|536.001
94|93.001
95|925.001
96|67.001
97|279.001
98|59.001
99|766.001
100|155.001
101|593.001
102|171.001
103|438.001
104|426.001
105|568.001
106|398.001
107|894.001
108|36.001
109|702.001
110|114.001
111|665.001
112|233.001
113|233.001
114|485.001
115|617.001
116|767.001
117|973.001
118|999.001
119|776.001
120|377.001
121|550.001
122|222.001
123|807.001
124|535.001
125|213.001
126|782.001
127|334.001
128|391.001
129|360.001
130|922.001
131|363.001
132|595.001
133|351.001
134|310.001
135|354.001
136|263.001
137|554.001
138|567.001
139|584.001
140|291.001
141|208.001
142|331.001
143|342.001
144|87.001
145|512.001
146|193.001
147|981.001
148|980.001
149|800.001
150|232.001
151|392.001
152|278.001
153|551.001
154|635.001
155|879.001
156|975.001
157|73.001
158|879.001
159|847.001
160|523.001
161|141.001
162|307.001
163|274.001
164|82.001
165|593.001
166|933.001
167|61.001
168|395.001
169|673.001
170|471.001
171|564.001
172|230.001
173|261.001
174|309.001
175|853.001
176|516.001
177|108.001
178|273.001
179|137.001
180|887.001
181|451.001
182|58.001
183|593.001
184|570.001
185|427.001
186|438.001
187|78.001
188|908.001
189|277.001
190|287.001
191|48.001
192|666.001
193|797.001
194|307.001
195|903.001
196|938.001
197|111.001
198|790.001
199|536.001
200|935.001
201|398.001
202|116.001
203|615.001
204|46.001
205|885.001
206|627.001
207|23.001
208|468.001
209|334.001
210|22.001
211|717.001
212|121.001
213|82.001
214|374.001
215|315.001
216|397.001
217|827.001
218|317.001
219|48.001
220|778.001
221|583.001
222|604.001
223|718.001
224|441.001
225|888.001
226|346.001
227|81.001
228|778.001
229|508.001
230|552.001
231|282.001
232|483.001
233|629.001
234|389.001
235|737.001
236|146.001
237|472.001
238|823.001
239|55.001
240|329.001
241|493.001
242|415.001
243|768.001
244|353.001
245|18.001
246|899.001
247|995.001
248|675.001
249|442.001
250|958.001
251|530.001
252|699.001
253|999.001
254|879.001
255|107.001
256|486.001
257|515.001
258|617.001
259|389.001
260|374.001
261|265.001
262|592.001
263|49.001
264|906.001
265|578.001
266|418.001
267|998.001
268|315.001
269|981.001
270|2.001
271|133.001
272|795.001
273|518.001
274|233.001
275|24.001
276|926.001
277|78.001
278|50.001
279|539.001
280|383.001
281|773.001
282|270.001
283|10.001
284|22.001
285|535.001
286|550.001
287|172.001
288|324.001
289|990.001
290|616.001
291|471.001
292|723.001
293|937.001
294|195.001
295|216.001
296|364.001
297|185.001
298|116.001
299|934.001
300|585.001
301|360.001
302|440.001
303|55.001
304|278.001
305|284.001
306|278.001
307|677.001
308|116.001
309|751.001
310|958.001
311|493.001
312|150.001
313|823.001
314|592.001
315|511.001
316|550.001
317|502.001
318|633.001
319|9.001
320|596.001
321|490.001
322|673.001
323|140.001
324|48.001
325|580.001
326|300.001
327|467.001
328|829.001
329|119.001
330|627.001
331|865.001
332|940.001
333|712.001
334|366.001
335|117.001
336|819.001
337|422.001
338|883.001
339|568.001
340|710.001
341|661.001
342|263.001
343|916.001
344|59.001
345|577.001
346|989.001
347|225.001
348|100.001
349|412.001
350|752.001
351|363.001
352|602.001
353|385.001
354|633.001
355|340.001
356|164.001
357|749.001
358|880.001
359|236.001
360|49.001
361|802.001
362|942.001
363|663.001
364|923.001
365|685.001
366|732.001
367|70.001
368|100.001
369|903.001
370|710.001
371|511.001
372|238.001
373|175.001
374|443.001
375|18.001
376|251.001
377|20.001
378|76.001
379|836.001
380|248.001
381|329.001
382|210.001
383|212.001
384|326.001
385|679.001
386|359.001
387|436.001
388|163.001
389|292.001
390|491.001
391|74.001
392|149.001
393|902.001
394|473.001
395|723.001
396|889.001
397|918.001
398|575.001
399|777.001
400|306.001
401|303.001
402|418.001
403|843.001
404|127.001
405|826.001
406|104.001
407|825.001
408|63.001
409|704.001
410|732.001
411|630.001
412|92.001
413|434.001
414|998.001
415|850.001
416|723.001
417|935.001
418|269.001
419|318.001
420|243.001
421|749.001
422|917.001
423|892.001
424|504.001
425|555.001
426|202.001
427|271.001
428|235.001
429|841.001
430|85.001
431|328.001
432|242.001
433|593.001
434|644.001
435|335.001
436|609.001
437|63.001
438|559.001
439|871.001
440|207.001
441|874.001
442|542.001
443|735.001
444|61.001
445|915.001
446|266.001
447|224.001
448|221.001
449|871.001
450|807.001
451|993.001
452|88.001
453|598.001
454|75.001
455|829.001
456|548.001
457|415.001
458|881.001
459|72.001
460|111.001
461|306.001
462|951.001
463|796.001
464|439.001
465|908.001
466|317.001
467|698.001
468|696.001
469|655.001
470|799.001
471|26.001
472|256.001
473|984.001
474|144.001
475|946.001
476|472.001
477|214.001
478|508.001
479|998.001
480|739.001
481|149.001
482|296.001
483|887.001
484|25.001
485|299.001
486|333.001
487|24.001
488|490.001
489|452.001
490|855.001
491|712.001
492|689.001
493|303.001
494|843.001
495|439.001
496|650.001
497|34.001
498|537.001
499|21.001
500|685.001
501|144.001
502|716.001
503|362.001
504|49.001
505|1.001
506|386.001
507|666.001
508|975.001
509|32.001
510|231.001
511|328.001
512|382.001
513|618.001
514|206.001
515|457.001
516|674.001
517|376.001
518|255.001
519|819.001
520|345.001
521|717.001
522|10.001
523|69.001
524|119.001
525|38.001
526|138.001
527|361.001
528|102.001
529|779.001
530|566.001
531|994.001
532|568.001
533|768.001
534|61.001
535|389.001
536|50.001
537|736.001
538|22.001
539|998.001
540|380.001
541|475.001
542|534.001
543|462.001
544|697.001
545|88.001
546|409.001
547|22.001
548|784.001
549|553.001
550|148.001
551|128.001
552|795.001
553|367.001
554|916.001
555|277.001
556|429.001
557|802.001
558|525.001
559|179.001
560|448.001
561|140.001
562|58.001
563|354.001
564|372.001
565|298.001
566|666.001
567|721.001
568|925.001
569|702.001
570|838.001
571|83.001
572|598.001
573|659.001
574|610.001
575|528.001
576|512.001
577|379.001
578|434.001
579|469.001
580|893.001
581|165.001
582|921.001
583|837.001
584|390.001
585|524.001
586|229.001
587|338.001
588|901.001
589|665.001
590|783.001
591|486.001
592|258.001
593|998.001
594|884.001
595|155.001
596|170.001
597|962.001
598|848.001
599|222.001
600|388.001
601|750.001
602|857.001
603|463.001
604|318.001
605|549.001
606|962.001
607|858.001
608|885.001
609|416.001
610|673.001
611|431.001
612|361.001
613|396.001
614|436.001
615|850.001
616|690.001
617|817.001
618|298.001
619|359.001
620|670.001
621|684.001
622|692.001
623|589.001
624|315.001
625|256.001
626|983.001
627|840.001
628|82.001
629|637.001
630|111.001
631|793.001
632|52.001
633|645.001
634|248.001
635|141.001
636|517.001
637|564.001
638|479.001
639|372.001
640|771.001
641|241.001
642|315.001
643|310.001
644|702.001
645|851.001
646|750.001
647|736.001
648|261.001
649|634.001
650|462.001
651|350.001
652|664.001
653|322.001
654|710.001
655|352.001
656|605.001
657|672.001
658|666.001
659|528.001
660|980.001
661|38.001
662|936.001
663|19.001
664|52.001
665|517.001
666|164.001
667|400.001
668|8.001
669|855.001
670|660.001
671|406.001
672|388.001
673|826.001
674|810.001
675|707.001
676|498.001
677|630.001
678|334.001
679|591.001
680|512.001
681|890.001
682|870.001
683|823.001
684|801.001
685|510.001
686|49.001
687|114.001
688|649.001
689|416.001
690|821.001
691|637.001
692|469.001
693|611.001
694|329.001
695|501.001
696|783.001
697|246.001
698|842.001
699|829.001
700|931.001
701|768.001
702|343.001
703|770.001
704|111.001
705|5.001
706|931.001
707|151.001
708|853.001
709|882.001
710|586.001
711|627.001
712|555.001
713|979.001
714|995.001
715|37.001
716|818.001
717|714.001
718|645.001
719|472.001
720|404.001
721|311.001
722|504.001
723|959.001
724|891.001
725|276.001
726|39.001
727|313.001
728|953.001
729|704.001
730|829.001
731|54.001
732|484.001
733|808.001
734|735.001
735|726.001
736|76.001
737|525.001
738|215.001
739|723.001
740|338.001
741|787.001
742|560.001
743|65.001
744|533.001
745|175.001
746|930.001
747|591.001
748|604.001
749|666.001
750|591.001
751|863.001
752|792.001
753|652.001
754|371.001
755|377.001
756|250.001
757|779.001
758|190.001
759|676.001
760|106.001
761|131.001
762|643.001
763|404.001
764|110.001
765|98.001
766|218.001
767|616.001
768|464.001
769|872.001
770|938.001
771|165.001
772|896.001
773|834.001
774|601.001
775|480.001
776|94.001
777|341.001
778|480.001
779|874.001
780|787.001
781|789.001
782|381.001
783|35.001
784|463.001
785|743.001
786|808.001
787|973.001
788|795.001
789|704.001
790|756.001
791|646.001
792|813.001
793|819.001
794|433.001
795|692.001
796|681.001
797|114.001
798|798.001
799|657.001
800|872.001
801|28.001
802|325.001
803|556.001
804|674.001
805|935.001
806|817.001
807|512.001
808|831.001
809|526.001
810|582.001
811|468.001
812|820.001
813|904.001
814|707.001
815|647.001
816|72.001
817|752.001
818|792.001
819|496.001
820|589.001
821|900.001
822|979.001
823|668.001
824|508.001
825|282.001
826|782.001
827|692.001
828|883.001
829|206.001
830|375.001
831|110.001
832|315.001
833|548.001
834|306.001
835|277.001
836|199.001
837|714.001
838|676.001
839|454.001
840|449.001
841|310.001
842|922.001
843|597.001
844|465.001
845|69.001
846|572.001
847|341.001
848|195.001
849|573.001
850|221.001
851|631.001
852|372.001
853|325.001
854|514.001
855|777.001
856|52.001
857|441.001
858|778.001
859|808.001
860|288.001
861|508.001
862|378.001
863|992.001
864|47.001
865|13.001
866|155.001
867|611.001
868|665.001
869|558.001
870|989.001
871|157.001
872|15.001
873|930.001
874|706.001
875|421.001
876|342.001
877|656.001
878|612.001
879|586.001
880|796.001
881|388.001
882|32.001
883|4.001
884|492.001
885|922.001
886|720.001
887|182.001
888|187.001
889|773.001
890|259.001
891|215.001
892|302.001
893|334.001
894|346.001
895|646.001
896|951.001
897|307.001
898|893.001
899|498.001
900|363.001
901|628.001
902|931.001
903|447.001
904|304.001
905|117.001
906|946.001
907|743.001
908|256.001
909|585.001
910|204.001
911|79.001
912|945.001
913|108.001
914|81.001
915|137.001
916|506.001
917|807.001
918|465.001
919|176.001
920|41.001
921|597.001
922|982.001
923|865.001
924|227.001
925|448.001
926|676.001
927|899.001
928|20.001
929|90.001
930|240.001
931|184.001
932|92.001
933|763.001
934|862.001
935|0.001
936|88.001
937|97.001
938|784.001
939|518.001
940|336.001
941|349.001
942|725.001
943|483.001
944|533.001
945|823.001
946|740.001
947|374.001
948|496.001
949|924.001
950|43.001
951|637.001
952|598.001
953|521.001
954|648.001
955|395.001
956|607.001
957|10.001
958|905.001
959|439.001
960|771.001
961|579.001
962|281.001
963|692.001
964|53.001
965|236.001
966|419.001
967|358.001
968|765.001
969|985.001
970|884.001
971|787.001
972|311.001
973|497.001
974|232.001
975|218.001
976|853.001
977|515.001
978|625.001
979|650.001
980|703.001
981|115.001
982|386.001
983|333.001
984|718.001
985|694.001
986|374.001
987|9.001
988|761.001
989|259.001
990|420.001
991|294.001
992|693.001
993|178.001
994|409.001
995|619.001
996|533.001
997|183.001
998|308.001
999|29.001
