1|307.001
2|608.001
3|722.001
4|235.001
5|904.001
6|733.001
7|610.001
8|688.001
9|365.001
10|883.001
11|793.001
12|794.001
13|269.001
14|453.001
15|426.001
16|42.001
17|98.001
18|557.001
19|934.001
20|338.001
21|196.001
22|122.001
23|793.001
24|550.001
25|142.001
26|604.001
27|327.001
28|327.001
29|814.001
30|292.001
31|379.001
32|137.001
33|607.001
34|742.001
35|853.001
36|578.001
37|643.001
38|786.001
39|514.001
40|640.001
41|400.001
42|439.001
43|188.001
44|705.001
45|20.001
46|297.001
47|911.001
48|783.001
49|546.001
50|535.001
51|686.001
52|14.001
53|446.001
54|300.001
55|508.001
56|795.001
57|931.001
58|627.001
59|379.001
60|438.001
61|391.001
62|457.001
63|929.001
64|519.001
65|647.001
66|190.001
67|899.001
68|598.001
69|448.001
70|41.001
71|394.001
72|183.001
73|695.001
74|792.001
75|791.001
76|385.001
77|2.001
78|743.001
79|879.001
80|558.001
81|993.001
82|686.001
83|884.001
84|183.001
85|9.001
86|561.001
87|396.001
88|563.001
89|690.001
90|425.001
91|814.001
92|304.001
93|447.001
94|270.001
95|2.001
96|44.001
97|72.001
98|714.001
99|767.001
100|326.001
101|850.001
102|927.001
103|108.001
104|13.001
105|114.001
106|635.001
107|549.001
108|453.001
109|904.001
110|841.001
111|156.001
112|189.001
113|815.001
114|387.001
115|69.001
116|388.001
117|10.001
118|801.001
119|327.001
120|237.001
121|924.001
122|438.001
123|648.001
124|454.001
125|943.001
126|826.001
127|93.001
128|256.001
129|71.001
130|467.001
131|525.001
132|179.001
133|533.001
134|448.001
135|556.001
136|96.001
137|476.001
138|653.001
139|432.001
140|195.001
141|889.001
142|414.001
143|667.001
144|300.001
145|791.001
146|96.001
147|223.001
148|851.001
149|127.001
150|227.001
151|155.001
152|666.001
153|265.001
154|776.001
155|466.001
156|182.001
157|179.001
158|529.001
159|49.001
160|652.001
161|138.001
162|886.001
163|450.001
164|11.001
165|903.001
166|801.001
167|346.001
168|379.001
169|139.001
170|341.001
171|163.001
172|56.001
173|305.001
174|818.001
175|661.001
176|62.001
177|485.001
178|912.001
179|788.001
180|479.001
181|979.001
182|400.001
183|474.001
184|903.001
185|358.001
186|768.001
187|593.001
188|639.001
189|836.001
190|786.001
191|73.001
192|844.001
193|297.001
194|154.001
195|119.001
196|160.001
197|928.001
198|548.001
199|934.001
200|368.001
201|563.001
202|643.001
203|966.001
204|528.001
205|366.001
206|721.001
207|44.001
208|206.001
209|115.001
210|525.001
211|121.001
212|146.001
213|782.001
214|148.001
215|55.001
216|679.001
217|771.001
218|719.001
219|685.001
220|740.001
221|786.001
222|209.001
223|191.001
224|346.001
225|533.001
226|204.001
227|386.001
228|984.001
229|648.001
230|973.001
231|698.001
232|787.001
233|342.001
234|402.001
235|257.001
236|207.001
237|308.001
238|674.001
239|858.001
240|277.001
241|572.001
242|489.001
243|955.001
244|417.001
245|59.001
246|372.001
247|715.001
248|955.001
249|667.001
250|499.001
251|679.001
252|145.001
253|767.001
254|446.001
255|559.001
256|689.001
257|564.001
258|565.001
259|40.001
260|238.001
261|223.001
262|723.001
263|99.001
264|490.001
265|361.001
266|371.001
267|951.001
268|637.001
269|409.001
270|473.001
271|970.001
272|324.001
273|800.001
274|894.001
275|816.001
276|273.001
277|138.001
278|502.001
279|15.001
280|650.001
281|513.001
282|290.001
283|929.001
284|255.001
285|673.001
286|374.001
287|414.001
288|229.001
289|762.001
290|698.001
291|436.001
292|856.001
293|810.001
294|234.001
295|773.001
296|884.001
297|73.001
298|676.001
299|307.001
300|726.001
301|956.001
302|896.001
303|899.001
304|292.001
305|120.001
306|563.001
307|370.001
308|79.001
309|700.001
310|540.001
311|115.001
312|447.001
313|753.001
314|262.001
315|532.001
316|836.001
317|402.001
318|103.001
319|271.001
320|903.001
321|376.001
322|292.001
323|340.001
324|371.001
325|522.001
326|725.001
327|348.001
328|816.001
329|111.001
330|618.001
331|566.001
332|318.001
333|244.001
334|793.001
335|803.001
336|129.001
337|60.001
338|600.001
339|66.001
340|29.001
341|941.001
342|286.001
343|588.001
344|71.001
345|521.001
346|899.001
347|322.001
348|481.001
349|830.001
350|777.001
351|797.001
352|634.001
353|446.001
354|207.001
355|672.001
356|649.001
357|756.001
358|836.001
359|954.001
360|211.001
361|886.001
362|593.001
363|253.001
364|367.001
365|909.001
366|503.001
367|41.001
368|804.001
369|190.001
370|120.001
371|63.001
372|242.001
373|74.001
374|491.001
375|901.001
376|854.001
377|226.001
378|528.001
379|776.001
380|30.001
381|529.001
382|728.001
383|458.001
384|91.001
385|484.001
386|561.001
387|532.001
388|772.001
389|751.001
390|864.001
391|703.001
392|763.001
393|554.001
394|267.001
395|892.001
396|916.001
397|110.001
398|107.001
399|683.001
400|700.001
401|52.001
402|644.001
403|596.001
404|700.001
405|938.001
406|423.001
407|948.001
408|13.001
409|698.001
410|825.001
411|79.001
412|517.001
413|194.001
414|367.001
415|547.001
416|649.001
417|84.001
418|916.001
419|686.001
420|472.001
421|1.001
422|760.001
423|298.001
424|863.001
425|62.001
426|482.001
427|373.001
428|915.001
429|495.001
430|142.001
431|612.001
432|421.001
433|362.001
434|52.001
435|962.001
436|483.001
437|457.001
438|861.001
439|778.001
440|567.001
441|675.001
442|512.001
443|392.001
444|836.001
445|409.001
446|987.001
447|448.001
448|989.001
449|548.001
450|194.001
451|936.001
452|437.001
453|128.001
454|59.001
455|668.001
456|230.001
457|877.001
458|12.001
459|214.001
460|317.001
461|300.001
462|580.001
463|523.001
464|773.001
465|489.001
466|220.001
467|59.001
468|832.001
469|962.001
470|205.001
471|273.001
472|289.001
473|650.001
474|118.001
475|346.001
476|747.001
477|689.001
478|711.001
479|194.001
480|989.001
481|641.001
482|189.001
483|471.001
484|904.001
485|826.001
486|148.001
487|632.001
488|2.001
489|642.001
490|819.001
491|283.001
492|139.001
493|686.001
494|352.001
495|547.001
496|419.001
497|721.001
498|959.001
499|796.001
500|885.001
501|309.001
502|463.001
503|796.001
504|617.001
505|598.001
506|157.001
507|718.001
508|843.001
509|639.001
510|625.001
511|614.001
512|677.001
513|514.001
514|608.001
515|461.001
516|802.001
517|857.001
518|446.001
519|108.001
520|123.001
521|527.001
522|123.001
523|479.001
524|50.001
525|940.001
526|394.001
527|873.001
528|430.001
529|681.001
530|80.001
531|797.001
532|341.001
533|581.001
534|956.001
535|27.001
536|59.001
537|189.001
538|990.001
539|402.001
540|442.001
541|194.001
542|439.001
543|361.001
544|133.001
545|716.001
546|955.001
547|874.001
548|124.001
549|940.001
550|241.001
551|369.001
552|189.001
553|452.001
554|59.001
555|512.001
556|364.001
557|178.001
558|48.001
559|571.001
560|23.001
561|344.001
562|979.001
563|791.001
564|341.001
565|159.001
566|368.001
567|776.001
568|5.001
569|262.001
570|487.001
571|382.001
572|43.001
573|969.001
574|945.001
575|491.001
576|11.001
577|490.001
578|57.001
579|975.001
580|230.001
581|457.001
582|196.001
583|844.001
584|136.001
585|162.001
586|735.001
587|99.001
588|409.001
589|856.001
590|486.001
591|852.001
592|50.001
593|680.001
594|125.001
595|640.001
596|961.001
597|770.001
598|520.001
599|647.001
600|103.001
601|269.001
602|351.001
603|475.001
604|37.001
605|713.001
606|786.001
607|328.001
608|901.001
609|778.001
610|167.001
611|646.001
612|735.001
613|905.001
614|559.001
615|226.001
616|882.001
617|218.001
618|545.001
619|451.001
620|394.001
621|228.001
622|152.001
623|478.001
624|563.001
625|84.001
626|189.001
627|147.001
628|988.001
629|421.001
630|685.001
631|86.001
632|85.001
633|347.001
634|400.001
635|758.001
636|278.001
637|81.001
638|24.001
639|934.001
640|347.001
641|152.001
642|470.001
643|703.001
644|384.001
645|264.001
646|391.001
647|431.001
648|4.001
649|806.001
650|200.001
651|221.001
652|180.001
653|344.001
654|287.001
655|633.001
656|548.001
657|544.001
658|792.001
659|564.001
660|860.001
661|666.001
662|283.001
663|241.001
664|477.001
665|569.001
666|274.001
667|662.001
668|159.001
669|220.001
670|842.001
671|619.001
672|706.001
673|304.001
674|904.001
675|544.001
676|563.001
677|667.001
678|450.001
679|364.001
680|879.001
681|656.001
682|760.001
683|896.001
684|964.001
685|209.001
686|269.001
687|343.001
688|639.001
689|841.001
690|855.001
691|98.001
692|645.001
693|473.001
694|629.001
695|902.001
696|740.001
697|351.001
698|469.001
699|932.001
700|577.001
701|982.001
702|41.001
703|145.001
704|59.001
705|105.001
706|158.001
707|77.001
708|314.001
709|202.001
710|486.001
711|310.001
712|684.001
713|945.001
714|856.001
715|916.001
716|419.001
717|342.001
718|563.001
719|269.001
720|5.001
721|392.001
722|419.001
723|516.001
724|368.001
725|572.001
726|189.001
727|706.001
728|848.001
729|555.001
730|494.001
731|584.001
732|93.001
733|38.001
734|728.001
735|536.001
736|560.001
737|988.001
738|237.001
739|151.001
740|649.001
741|204.001
742|978.001
743|302.001
744|317.001
745|689.001
746|960.001
747|417.001
748|157.001
749|153.001
750|966.001
751|870.001
752|587.001
753|576.001
754|509.001
755|586.001
756|607.001
757|249.001
758|600.001
759|752.001
760|159.001
761|553.001
762|18.001
763|231.001
764|242.001
765|464.001
766|820.001
767|56.001
768|252.001
769|414.001
770|511.001
771|921.001
772|186.001
773|514.001
774|558.001
775|612.001
776|453.001
777|396.001
778|843.001
779|229.001
780|37.001
781|167.001
782|537.001
783|13.001
784|69.001
785|942.001
786|308.001
787|865.001
788|72.001
789|671.001
790|83.001
791|107.001
792|447.001
793|270.001
794|2.001
795|639.001
796|187.001
797|867.001
798|875.001
799|871.001
800|736.001
801|239.001
802|394.001
803|779.001
804|358.001
805|150.001
806|839.001
807|731.001
808|633.001
809|716.001
810|366.001
811|986.001
812|359.001
813|315.001
814|651.001
815|583.001
816|98.001
817|293.001
818|321.001
819|398.001
820|690.001
821|701.001
822|98.001
823|943.001
824|336.001
825|189.001
826|818.001
827|989.001
828|783.001
829|379.001
830|105.001
831|3.001
832|555.001
833|877.001
834|271.001
835|127.001
836|991.001
837|874.001
838|444.001
839|254.001
840|860.001
841|790.001
842|547.001
843|361.001
844|460.001
845|468.001
846|813.001
847|300.001
848|684.001
849|681.001
850|240.001
851|491.001
852|910.001
853|563.001
854|828.001
855|826.001
856|165.001
857|749.001
858|85.001
859|339.001
860|353.001
861|253.001
862|607.001
863|201.001
864|361.001
865|704.001
866|460.001
867|59.001
868|427.001
869|271.001
870|463.001
871|244.001
872|702.001
873|146.001
874|92.001
875|790.001
876|235.001
877|336.001
878|730.001
879|810.001
880|894.001
881|361.001
882|868.001
883|147.001
884|966.001
885|784.001
886|617.001
887|640.001
888|439.001
889|541.001
890|352.001
891|220.001
892|726.001
893|544.001
894|477.001
895|34.001
896|530.001
897|235.001
898|56.001
899|928.001
900|641.001
901|415.001
902|357.001
903|274.001
904|222.001
905|265.001
906|669.001
907|646.001
908|286.001
909|231.001
910|954.001
911|425.001
912|788.001
913|682.001
914|351.001
915|219.001
916|588.001
917|93.001
918|606.001
919|486.001
920|449.001
921|267.001
922|886.001
923|349.001
924|889.001
925|146.001
926|827.001
927|40.001
928|16.001
929|758.001
930|813.001
931|848.001
932|385.001
933|449.001
934|500.001
935|852.001
936|234.001
937|557.001
938|903.001
939|596.001
940|113.001
941|380.001
942|820.001
943|612.001
944|805.001
945|407.001
946|926.001
947|788.001
948|233.001
949|966.001
950|841.001
951|174.001
952|13.001
953|606.001
954|313.001
955|800.001
956|191.001
957|803.001
958|670.001
959|633.001
960|786.001
961|648.001
962|459.001
963|130.001
964|255.001
965|478.001
966|96.001
967|209.001
968|190.001
969|655.001
970|310.001
971|75.001
972|718.001
973|20.001
974|505.001
975|423.001
976|996.001
977|33.001
978|478.001
979|889.001
980|97.001
981|122.001
982|795.001
983|466.001
984|92.001
985|238.001
986|325.001
987|255.001
988|978.001
989|781.001
990|545.001
991|20.001
992|768.001
993|739.001
994|979.001
995|115.001
996|993.001
997|911.001
998|414.001
999|0.001
