1|365.001
2|778.001
3|835.001
4|358.001
5|140.001
6|888.001
7|675.001
8|241.001
9|795.001
10|922.001
11|183.001
12|602.001
13|689.001
14|211.001
15|913.001
16|707.001
17|750.001
18|231.001
19|530.001
20|666.001
21|557.001
22|601.001
23|219.001
24|906.001
25|998.001
26|764.001
27|794.001
28|418.001
29|515.001
30|369.001
31|322.001
32|570.001
33|311.001
34|349.001
35|230.001
36|987.001
37|135.001
38|347.001
39|215.001
40|964.001
41|354.001
42|870.001
43|365.001
44|787.001
45|110.001
46|397.001
47|738.001
48|990.001
49|821.001
50|341.001
51|418.001
52|517.001
53|188.001
54|115.001
55|698.001
56|937.001
57|177.001
58|621.001
59|893.001
60|606.001
61|776.001
62|691.001
63|160.001
64|695.001
65|893.001
66|617.001
67|76.001
68|278.001
69|447.001
70|648.001
71|823.001
72|907.001
73|217.001
74|404.001
75|846.001
76|522.001
77|226.001
78|783.001
79|585.001
80|159.001
81|129.001
82|761.001
83|538.001
84|887.001
85|312.001
86|649.001
87|50.001
88|560.001
89|712.001
90|344.001
91|928.001
92|475.001
93|474.001
94|609.001
95|190.001
96|202.001
97|984.001
98|9.001
99|823.001
100|363.001
101|811.001
102|279.001
103|953.001
104|856.001
105|752.001
106|226.001
107|805.001
108|821.001
109|549.001
110|349.001
111|274.001
112|210.001
113|600.001
114|485.001
115|15.001
116|160.001
117|177.001
118|110.001
119|277.001
120|631.001
121|67.001
122|440.001
123|720.001
124|896.001
125|444.001
126|91.001
127|312.001
128|844.001
129|384.001
130|630.001
131|11.001
132|460.001
133|649.001
134|755.001
135|121.001
136|384.001
137|5.001
138|568.001
139|834.001
140|224.001
141|440.001
142|87.001
143|370.001
144|718.001
145|806.001
146|975.001
147|764.001
148|417.001
149|533.001
150|669.001
151|508.001
152|733.001
153|104.001
154|912.001
155|443.001
156|378.001
157|371.001
158|599.001
159|541.001
160|50.001
161|115.001
162|821.001
163|678.001
164|964.001
165|702.001
166|31.001
167|600.001
168|321.001
169|566.001
170|695.001
171|819.001
172|871.001
173|807.001
174|969.001
175|761.001
176|800.001
177|719.001
178|953.001
179|437.001
180|170.001
181|752.001
182|267.001
183|263.001
184|592.001
185|38.001
186|993.001
187|270.001
188|615.001
189|828.001
190|728.001
191|187.001
192|845.001
193|632.001
194|717.001
195|755.001
196|122.001
197|602.001
198|554.001
199|733.001
200|170.001
201|437.001
202|677.001
203|22.001
204|688.001
205|350.001
206|743.001
207|134.001
208|272.001
209|330.001
210|759.001
211|78.001
212|876.001
213|480.001
214|899.001
215|787.001
216|474.001
217|639.001
218|375.001
219|247.001
220|597.001
221|544.001
222|296.001
223|955.001
224|722.001
225|821.001
226|358.001
227|917.001
228|746.001
229|812.001
230|905.001
231|495.001
232|599.001
233|220.001
234|280.001
235|377.001
236|450.001
237|774.001
238|939.001
239|43.001
240|530.001
241|861.001
242|734.001
243|459.001
244|903.001
245|597.001
246|537.001
247|413.001
248|163.001
249|684.001
250|178.001
251|684.001
252|753.001
253|56.001
254|664.001
255|215.001
256|80.001
257|578.001
258|812.001
259|962.001
260|379.001
261|909.001
262|41.001
263|547.001
264|835.001
265|451.001
266|305.001
267|21.001
268|385.001
269|968.001
270|527.001
271|494.001
272|695.001
273|513.001
274|781.001
275|890.001
276|758.001
277|193.001
278|894.001
279|295.001
280|851.001
281|670.001
282|260.001
283|868.001
284|244.001
285|592.001
286|998.001
287|261.001
288|590.001
289|684.001
290|80.001
291|230.001
292|59.001
293|363.001
294|803.001
295|457.001
296|995.001
297|903.001
298|959.001
299|789.001
300|907.001
301|972.001
302|818.001
303|271.001
304|213.001
305|578.001
306|65.001
307|233.001
308|603.001
309|995.001
310|852.001
311|7.001
312|351.001
313|686.001
314|130.001
315|752.001
316|525.001
317|851.001
318|96.001
319|817.001
320|202.001
321|839.001
322|814.001
323|814.001
324|232.001
325|890.001
326|717.001
327|990.001
328|776.001
329|935.001
330|957.001
331|786.001
332|352.001
333|345.001
334|996.001
335|371.001
336|512.001
337|942.001
338|168.001
339|846.001
340|143.001
341|87.001
342|968.001
343|274.001
344|104.001
345|460.001
346|19.001
347|61.001
348|625.001
349|387.001
350|741.001
351|148.001
352|741.001
353|696.001
354|274.001
355|920.001
356|927.001
357|547.001
358|858.001
359|370.001
360|643.001
361|113.001
362|204.001
363|894.001
364|194.001
365|440.001
366|269.001
367|603.001
368|669.001
369|295.001
370|194.001
371|978.001
372|821.001
373|109.001
374|91.001
375|728.001
376|798.001
377|670.001
378|169.001
379|678.001
380|330.001
381|481.001
382|969.001
383|156.001
384|164.001
385|722.001
386|110.001
387|459.001
388|852.001
389|577.001
390|735.001
391|142.001
392|801.001
393|302.001
394|778.001
395|735.001
396|321.001
397|931.001
398|969.001
399|290.001
400|685.001
401|458.001
402|95.001
403|379.001
404|53.001
405|597.001
406|48.001
407|741.001
408|184.001
409|247.001
410|993.001
411|304.001
412|217.001
413|999.001
414|956.001
415|553.001
416|530.001
417|618.001
418|649.001
419|24.001
420|441.001
421|664.001
422|791.001
423|17.001
424|478.001
425|856.001
426|774.001
427|279.001
428|405.001
429|392.001
430|772.001
431|406.001
432|820.001
433|837.001
434|960.001
435|373.001
436|542.001
437|412.001
438|348.001
439|432.001
440|354.001
441|187.001
442|612.001
443|687.001
444|586.001
445|713.001
446|388.001
447|110.001
448|230.001
449|684.001
450|138.001
451|952.001
452|695.001
453|456.001
454|371.001
455|900.001
456|998.001
457|96.001
458|441.001
459|718.001
460|861.001
461|107.001
462|105.001
463|557.001
464|661.001
465|16.001
466|148.001
467|691.001
468|663.001
469|239.001
470|727.001
471|395.001
472|609.001
473|32.001
474|945.001
475|242.001
476|555.001
477|934.001
478|840.001
479|779.001
480|731.001
481|214.001
482|216.001
483|653.001
484|360.001
485|808.001
486|106.001
487|809.001
488|367.001
489|819.001
490|973.001
491|993.001
492|330.001
493|239.001
494|606.001
495|99.001
496|180.001
497|56.001
498|312.001
499|25.001
500|119.001
501|177.001
502|542.001
503|452.001
504|485.001
505|250.001
506|202.001
507|646.001
508|411.001
509|780.001
510|293.001
511|235.001
512|184.001
513|389.001
514|961.001
515|163.001
516|326.001
517|974.001
518|49.001
519|957.001
520|355.001
521|249.001
522|479.001
523|824.001
524|338.001
525|845.001
526|946.001
527|718.001
528|349.001
529|236.001
530|115.001
531|100.001
532|641.001
533|328.001
534|137.001
535|243.001
536|131.001
537|804.001
538|578.001
539|320.001
540|219.001
541|646.001
542|498.001
543|231.001
544|223.001
545|120.001
546|245.001
547|567.001
548|535.001
549|477.001
550|988.001
551|576.001
552|494.001
553|576.001
554|718.001
555|275.001
556|522.001
557|865.001
558|28.001
559|801.001
560|831.001
561|348.001
562|48.001
563|684.001
564|68.001
565|843.001
566|197.001
567|148.001
568|623.001
569|961.001
570|788.001
571|339.001
572|667.001
573|908.001
574|147.001
575|53.001
576|83.001
577|960.001
578|463.001
579|371.001
580|931.001
581|919.001
582|805.001
583|562.001
584|518.001
585|222.001
586|418.001
587|563.001
588|105.001
589|224.001
590|345.001
591|95.001
592|539.001
593|321.001
594|680.001
595|966.001
596|11.001
597|356.001
598|33.001
599|354.001
600|810.001
601|343.001
602|82.001
603|976.001
604|774.001
605|273.001
606|856.001
607|135.001
608|721.001
609|381.001
610|179.001
611|20.001
612|185.001
613|635.001
614|274.001
615|328.001
616|826.001
617|170.001
618|494.001
619|477.001
620|205.001
621|484.001
622|687.001
623|909.001
624|70.001
625|429.001
626|312.001
627|983.001
628|398.001
629|796.001
630|994.001
631|587.001
632|726.001
633|37.001
634|195.001
635|983.001
636|767.001
637|10.001
638|467.001
639|897.001
640|199.001
641|702.001
642|148.001
643|530.001
644|32.001
645|871.001
646|955.001
647|411.001
648|252.001
649|0.001
650|917.001
651|422.001
652|595.001
653|211.001
654|967.001
655|46.001
656|91.001
657|891.001
658|199.001
659|462.001
660|470.001
661|268.001
662|455.001
663|38.001
664|435.001
665|657.001
666|896.001
667|396.001
668|531.001
669|841.001
670|299.001
671|290.001
672|337.001
673|771.001
674|117.001
675|584.001
676|20.001
677|22.001
678|292.001
679|781.001
680|495.001
681|691.001
682|976.001
683|883.001
684|254.001
685|773.001
686|2.001
687|53.001
688|59.001
689|342.001
690|710.001
691|986.001
692|442.001
693|694.001
694|508.001
695|414.001
696|713.001
697|416.001
698|896.001
699|108.001
700|238.001
701|97.001
702|658.001
703|875.001
704|573.001
705|210.001
706|15.001
707|81.001
708|580.001
709|68.001
710|842.001
711|720.001
712|141.001
713|582.001
714|247.001
715|694.001
716|218.001
717|417.001
718|600.001
719|430.001
720|106.001
721|304.001
722|520.001
723|332.001
724|400.001
725|237.001
726|566.001
727|445.001
728|58.001
729|470.001
730|541.001
731|805.001
732|225.001
733|223.001
734|938.001
735|696.001
736|546.001
737|66.001
738|583.001
739|404.001
740|0.001
741|320.001
742|711.001
743|443.001
744|284.001
745|872.001
746|244.001
747|491.001
748|788.001
749|861.001
750|302.001
751|429.001
752|305.001
753|634.001
754|38.001
755|852.001
756|638.001
757|518.001
758|624.001
759|38.001
760|55.001
761|244.001
762|818.001
763|12.001
764|53.001
765|968.001
766|677.001
767|659.001
768|22.001
769|504.001
770|327.001
771|687.001
772|959.001
773|539.001
774|996.001
775|916.001
776|137.001
777|918.001
778|157.001
779|896.001
780|347.001
781|547.001
782|62.001
783|218.001
784|518.001
785|633.001
786|37.001
787|304.001
788|848.001
789|306.001
790|801.001
791|390.001
792|388.001
793|212.001
794|32.001
795|942.001
796|913.001
797|904.001
798|735.001
799|963.001
800|752.001
801|226.001
802|875.001
803|170.001
804|283.001
805|936.001
806|490.001
807|97.001
808|532.001
809|798.001
810|807.001
811|873.001
812|527.001
813|748.001
814|835.001
815|691.001
816|232.001
817|281.001
818|323.001
819|416.001
820|827.001
821|337.001
822|366.001
823|405.001
824|265.001
825|165.001
826|687.001
827|306.001
828|834.001
829|893.001
830|826.001
831|254.001
832|81.001
833|116.001
834|358.001
835|483.001
836|183.001
837|331.001
838|900.001
839|738.001
840|178.001
841|831.001
842|672.001
843|909.001
844|323.001
845|577.001
846|450.001
847|636.001
848|566.001
849|661.001
850|937.001
851|278.001
852|649.001
853|952.001
854|823.001
855|492.001
856|338.001
857|137.001
858|720.001
859|544.001
860|244.001
861|624.001
862|743.001
863|359.001
864|302.001
865|61.001
866|214.001
867|104.001
868|598.001
869|468.001
870|419.001
871|380.001
872|820.001
873|836.001
874|101.001
875|544.001
876|776.001
877|697.001
878|427.001
879|95.001
880|259.001
881|571.001
882|853.001
883|375.001
884|432.001
885|32.001
886|557.001
887|120.001
888|11.001
889|206.001
890|859.001
891|860.001
892|48.001
893|342.001
894|500.001
895|239.001
896|688.001
897|682.001
898|711.001
899|71.001
900|457.001
901|72.001
902|808.001
903|292.001
904|403.001
905|419.001
906|290.001
907|62.001
908|458.001
909|885.001
910|552.001
911|826.001
912|814.001
913|290.001
914|88.001
915|808.001
916|472.001
917|671.001
918|930.001
919|190.001
920|315.001
921|557.001
922|178.001
923|918.001
924|265.001
925|464.001
926|106.001
927|409.001
928|417.001
929|73.001
930|49.001
931|737.001
932|194.001
933|503.001
934|547.001
935|404.001
936|300.001
937|289.001
938|520.001
939|312.001
940|476.001
941|270.001
942|214.001
943|485.001
944|522.001
945|527.001
946|50.001
947|405.001
948|537.001
949|707.001
950|555.001
951|698.001
952|298.001
953|947.001
954|970.001
955|467.001
956|636.001
957|48.001
958|683.001
959|469.001
960|190.001
961|890.001
962|212.001
963|904.001
964|581.001
965|328.001
966|800.001
967|568.001
968|98.001
969|842.001
970|731.001
971|751.001
972|593.001
973|391.001
974|178.001
975|114.001
976|436.001
977|403.001
978|301.001
979|696.001
980|735.001
981|498.001
982|726.001
983|636.001
984|520.001
985|247.001
986|475.001
987|834.001
988|551.001
989|937.001
990|790.001
991|426.001
992|694.001
993|593.001
994|414.001
995|88.001
996|939.001
997|701.001
998|344.001
999|681.001
