1|921.001
2|68.001
3|709.001
4|469.001
5|565.001
6|134.001
7|963.001
8|424.001
9|425.001
10|695.001
11|999.001
12|1.001
13|799.001
14|183.001
15|330.001
16|967.001
17|937.001
18|154.001
19|60.001
20|216.001
21|549.001
22|211.001
23|805.001
24|692.001
25|751.001
26|909.001
27|865.001
28|115.001
29|507.001
30|228.001
31|5.001
32|764.001
33|527.001
34|488.001
35|128.001
36|767.001
37|822.001
38|897.001
39|331.001
40|501.001
41|275.001
42|589.001
43|119.001
44|932.001
45|703.001
46|759.001
47|625.001
48|14.001
49|920.001
50|136.001
51|525.001
52|638.001
53|688.001
54|228.001
55|379.001
56|801.001
57|7.001
58|949.001
59|87.001
60|243.001
61|872.001
62|930.001
63|967.001
64|284.001
65|697.001
66|230.001
67|789.001
68|960.001
69|523.001
70|880.001
71|31.001
72|483.001
73|58.001
74|532.001
75|930.001
76|767.001
77|522.001
78|94.001
79|146.001
80|809.001
81|952.001
82|481.001
83|256.001
84|692.001
85|492.001
86|409.001
87|987.001
88|994.001
89|368.001
90|707.001
91|222.001
92|313.001
93|794.001
94|677.001
95|73.001
96|218.001
97|200.001
98|759.001
99|914.001
100|493.001
101|866.001
102|415.001
103|334.001
104|659.001
105|84.001
106|705.001
107|567.001
108|317.001
109|530.001
110|465.001
111|146.001
112|310.001
113|722.001
114|555.001
115|377.001
116|465.001
117|193.001
118|871.001
119|931.001
120|605.001
121|84.001
122|863.001
123|210.001
124|947.001
125|169.001
126|83.001
127|748.001
128|857.001
129|908.001
130|221.001
131|428.001
132|32.001
133|315.001
134|466.001
135|320.001
136|237.001
137|844.001
138|181.001
139|541.001
140|573.001
141|877.001
142|319.001
143|2.001
144|635.001
145|902.001
146|767.001
147|218.001
148|913.001
149|570.001
150|866.001
151|399.001
152|956.001
153|904.001
154|885.001
155|364.001
156|673.001
157|599.001
158|585.001
159|437.001
160|546.001
161|454.001
162|519.001
163|199.001
164|702.001
165|522.001
166|794.001
167|304.001
168|680.001
169|886.001
170|199.001
171|971.001
172|186.001
173|677.001
174|144.001
175|250.001
176|834.001
177|12.001
178|128.001
179|674.001
180|196.001
181|134.001
182|663.001
183|403.001
184|551.001
185|457.001
186|344.001
187|551.001
188|229.001
189|660.001
190|48.001
191|879.001
192|713.001
193|827.001
194|704.001
195|214.001
196|704.001
197|386.001
198|922.001
199|783.001
200|59.001
201|269.001
202|235.001
203|484.001
204|108.001
205|297.001
206|675.001
207|340.001
208|37.001
209|817.001
210|575.001
211|418.001
212|275.001
213|359.001
214|238.001
215|592.001
216|264.001
217|107.001
218|606.001
219|291.001
220|695.001
221|426.001
222|695.001
223|924.001
224|154.001
225|361.001
226|604.001
227|965.001
228|372.001
229|183.001
230|46.001
231|661.001
232|564.001
233|84.001
234|520.001
235|611.001
236|908.001
237|630.001
238|419.001
239|456.001
240|303.001
241|773.001
242|467.001
243|47.001
244|477.001
245|334.001
246|128.001
247|311.001
248|656.001
249|314.001
250|646.001
251|198.001
252|623.001
253|60.001
254|608.001
255|284.001
256|675.001
257|325.001
258|233.001
259|914.001
260|505.001
261|474.001
262|922.001
263|657.001
264|556.001
265|822.001
266|111.001
267|923.001
268|154.001
269|621.001
270|177.001
271|259.001
272|250.001
273|56.001
274|89.001
275|150.001
276|704.001
277|16.001
278|136.001
279|809.001
280|977.001
281|583.001
282|336.001
283|272.001
284|220.001
285|269.001
286|793.001
287|204.001
288|297.001
289|891.001
290|477.001
291|110.001
292|235.001
293|34.001
294|468.001
295|843.001
296|907.001
297|932.001
298|300.001
299|854.001
300|394.001
301|390.001
302|703.001
303|690.001
304|275.001
305|728.001
306|156.001
307|818.001
308|84.001
309|976.001
310|721.001
311|316.001
312|582.001
313|983.001
314|349.001
315|474.001
316|358.001
317|69.001
318|421.001
319|662.001
320|759.001
321|728.001
322|430.001
323|37.001
324|870.001
325|914.001
326|85.001
327|560.001
328|930.001
329|319.001
330|789.001
331|272.001
332|669.001
333|820.001
334|51.001
335|55.001
336|191.001
337|843.001
338|730.001
339|496.001
340|481.001
341|165.001
342|214.001
343|173.001
344|8.001
345|322.001
346|443.001
347|854.001
348|58.001
349|468.001
350|467.001
351|812.001
352|813.001
353|620.001
354|83.001
355|489.001
356|396.001
357|570.001
358|402.001
359|757.001
360|545.001
361|127.001
362|657.001
363|423.001
364|649.001
365|55.001
366|262.001
367|898.001
368|247.001
369|939.001
370|624.001
371|339.001
372|872.001
373|911.001
374|284.001
375|509.001
376|633.001
377|174.001
378|132.001
379|281.001
380|543.001
381|80.001
382|269.001
383|362.001
384|698.001
385|975.001
386|467.001
387|875.001
388|309.001
389|98.001
390|51.001
391|23.001
392|9.001
393|686.001
394|913.001
395|181.001
396|149.001
397|736.001
398|767.001
399|551.001
400|213.001
401|897.001
402|793.001
403|504.001
404|525.001
405|979.001
406|652.001
407|119.001
408|448.001
409|988.001
410|916.001
411|516.001
412|190.001
413|689.001
414|123.001
415|540.001
416|865.001
417|80.001
418|800.001
419|751.001
420|323.001
421|387.001
422|787.001
423|184.001
424|38.001
425|671.001
426|228.001
427|986.001
428|499.001
429|981.001
430|719.001
431|97.001
432|610.001
433|120.001
434|496.001
435|538.001
436|855.001
437|329.001
438|255.001
439|778.001
440|104.001
441|444.001
442|294.001
443|683.001
444|38.001
445|505.001
446|969.001
447|518.001
448|961.001
449|398.001
450|681.001
451|915.001
452|661.001
453|129.001
454|883.001
455|710.001
456|447.001
457|258.001
458|42.001
459|49.001
460|860.001
461|289.001
462|13.001
463|44.001
464|253.001
465|579.001
466|340.001
467|857.001
468|432.001
469|204.001
470|51.001
471|320.001
472|501.001
473|727.001
474|968.001
475|498.001
476|872.001
477|815.001
478|219.001
479|854.001
480|57.001
481|191.001
482|116.001
483|516.001
484|426.001
485|940.001
486|211.001
487|727.001
488|936.001
489|439.001
490|921.001
491|544.001
492|865.001
493|183.001
494|322.001
495|925.001
496|306.001
497|570.001
498|695.001
499|795.001
500|451.001
501|941.001
502|2.001
503|212.001
504|990.001
505|252.001
506|323.001
507|667.001
508|927.001
509|762.001
510|140.001
511|546.001
512|552.001
513|240.001
514|892.001
515|124.001
516|592.001
517|591.001
518|325.001
519|213.001
520|655.001
521|762.001
522|255.001
523|760.001
524|472.001
525|454.001
526|487.001
527|721.001
528|442.001
529|57.001
530|687.001
531|932.001
532|643.001
533|463.001
534|937.001
535|585.001
536|964.001
537|720.001
538|276.001
539|157.001
540|876.001
541|280.001
542|131.001
543|339.001
544|382.001
545|380.001
546|794.001
547|996.001
548|809.001
549|2.001
550|505.001
551|887.001
552|623.001
553|776.001
554|99.001
555|467.001
556|920.001
557|943.001
558|71.001
559|355.001
560|699.001
561|259.001
562|19.001
563|941.001
564|663.001
565|723.001
566|992.001
567|360.001
568|325.001
569|945.001
570|437.001
571|741.001
572|834.001
573|629.001
574|175.001
575|858.001
576|820.001
577|488.001
578|872.001
579|86.001
580|891.001
581|440.001
582|840.001
583|878.001
584|456.001
585|703.001
586|994.001
587|289.001
588|27.001
589|494.001
590|355.001
591|580.001
592|645.001
593|355.001
594|401.001
595|423.001
596|314.001
597|730.001
598|592.001
599|110.001
600|53.001
601|169.001
602|757.001
603|190.001
604|72.001
605|19.001
606|461.001
607|203.001
608|480.001
609|481.001
610|402.001
611|957.001
612|980.001
613|488.001
614|196.001
615|969.001
616|151.001
617|482.001
618|830.001
619|471.001
620|930.001
621|824.001
622|685.001
623|439.001
624|419.001
625|528.001
626|277.001
627|289.001
628|270.001
629|236.001
630|795.001
631|860.001
632|204.001
633|547.001
634|443.001
635|675.001
636|179.001
637|620.001
638|848.001
639|522.001
640|157.001
641|579.001
642|937.001
643|516.001
644|858.001
645|983.001
646|394.001
647|376.001
648|757.001
649|193.001
650|534.001
651|565.001
652|34.001
653|539.001
654|310.001
655|79.001
656|125.001
657|887.001
658|224.001
659|25.001
660|909.001
661|660.001
662|657.001
663|991.001
664|553.001
665|282.001
666|969.001
667|781.001
668|861.001
669|281.001
670|560.001
671|192.001
672|649.001
673|248.001
674|207.001
675|280.001
676|468.001
677|872.001
678|0.001
679|489.001
680|613.001
681|348.001
682|552.001
683|508.001
684|455.001
685|385.001
686|264.001
687|319.001
688|531.001
689|354.001
690|702.001
691|229.001
692|707.001
693|176.001
694|822.001
695|436.001
696|716.001
697|341.001
698|716.001
699|733.001
700|812.001
701|263.001
702|110.001
703|506.001
704|605.001
705|660.001
706|305.001
707|367.001
708|879.001
709|757.001
710|231.001
711|190.001
712|210.001
713|883.001
714|615.001
715|152.001
716|42.001
717|948.001
718|820.001
719|246.001
720|430.001
721|153.001
722|500.001
723|370.001
724|834.001
725|579.001
726|252.001
727|748.001
728|875.001
729|323.001
730|662.001
731|313.001
732|100.001
733|938.001
734|465.001
735|984.001
736|885.001
737|14.001
738|585.001
739|737.001
740|985.001
741|268.001
742|714.001
743|947.001
744|674.001
745|507.001
746|274.001
747|493.001
748|439.001
749|173.001
750|607.001
751|85.001
752|767.001
753|701.001
754|100.001
755|428.001
756|285.001
757|505.001
758|17.001
759|522.001
760|349.001
761|569.001
762|483.001
763|345.001
764|102.001
765|455.001
766|541.001
767|692.001
768|835.001
769|820.001
770|70.001
771|649.001
772|22.001
773|514.001
774|981.001
775|402.001
776|604.001
777|786.001
778|104.001
779|248.001
780|669.001
781|964.001
782|563.001
783|625.001
784|165.001
785|446.001
786|877.001
787|674.001
788|604.001
789|60.001
790|107.001
791|656.001
792|9.001
793|82.001
794|621.001
795|421.001
796|423.001
797|977.001
798|505.001
799|210.001
800|290.001
801|379.001
802|999.001
803|370.001
804|233.001
805|191.001
806|948.001
807|851.001
808|509.001
809|421.001
810|12.001
811|533.001
812|322.001
813|818.001
814|509.001
815|189.001
816|419.001
817|906.001
818|385.001
819|667.001
820|648.001
821|492.001
822|247.001
823|269.001
824|83.001
825|380.001
826|209.001
827|205.001
828|775.001
829|73.001
830|361.001
831|612.001
832|292.001
833|628.001
834|593.001
835|189.001
836|807.001
837|939.001
838|267.001
839|666.001
840|785.001
841|401.001
842|306.001
843|869.001
844|631.001
845|881.001
846|768.001
847|957.001
848|525.001
849|837.001
850|614.001
851|919.001
852|275.001
853|594.001
854|442.001
855|209.001
856|921.001
857|86.001
858|194.001
859|371.001
860|722.001
861|102.001
862|338.001
863|345.001
864|622.001
865|618.001
866|635.001
867|352.001
868|600.001
869|603.001
870|458.001
871|283.001
872|188.001
873|121.001
874|707.001
875|497.001
876|280.001
877|750.001
878|252.001
879|530.001
880|117.001
881|941.001
882|661.001
883|620.001
884|133.001
885|667.001
886|90.001
887|786.001
888|76.001
889|565.001
890|618.001
891|515.001
892|312.001
893|694.001
894|2.001
895|562.001
896|919.001
897|514.001
898|535.001
899|130.001
900|584.001
901|250.001
902|240.001
903|906.001
904|233.001
905|548.001
906|705.001
907|549.001
908|657.001
909|763.001
910|480.001
911|170.001
912|997.001
913|70.001
914|987.001
915|491.001
916|906.001
917|108.001
918|365.001
919|358.001
920|56.001
921|902.001
922|343.001
923|648.001
924|822.001
925|718.001
926|919.001
927|29.001
928|817.001
929|243.001
930|415.001
931|19.001
932|239.001
933|21.001
934|597.001
935|763.001
936|159.001
937|816.001
938|487.001
939|367.001
940|685.001
941|440.001
942|263.001
943|517.001
944|38.001
945|856.001
946|83.001
947|433.001
948|955.001
949|65.001
950|672.001
951|837.001
952|820.001
953|159.001
954|501.001
955|670.001
956|340.001
957|516.001
958|998.001
959|197.001
960|106.001
961|398.001
962|411.001
963|994.001
964|477.001
965|767.001
966|902.001
967|581.001
968|308.001
969|606.001
970|402.001
971|464.001
972|606.001
973|789.001
974|588.001
975|270.001
976|855.001
977|793.001
978|18.001
979|878.001
980|324.001
981|145.001
982|677.001
983|916.001
984|685.001
985|922.001
986|720.001
987|551.001
988|506.001
989|821.001
990|521.001
991|152.001
992|319.001
993|990.001
994|36.001
995|952.001
996|582.001
997|403.001
998|312.001
999|754.001
